#Input size: 4096
#Data parallelism: 8
#Stride: 0
#Switch ctrl in input stages:
#Stage 0:
#Switch 0: 0 0 0 0 0 0 0 0 0 0 0 0 0 0 0 0 0 0 0 0 0 0 0 0 0 0 0 0 0 0 0 0 0 0 0 0 0 0 0 0 0 0 0 0 0 0 0 0 0 0 0 0 0 0 0 0 0 0 0 0 0 0 0 0 0 0 0 0 0 0 0 0 0 0 0 0 0 0 0 0 0 0 0 0 0 0 0 0 0 0 0 0 0 0 0 0 0 0 0 0 0 0 0 0 0 0 0 0 0 0 0 0 0 0 0 0 0 0 0 0 0 0 0 0 0 0 0 0 0 0 0 0 0 0 0 0 0 0 0 0 0 0 0 0 0 0 0 0 0 0 0 0 0 0 0 0 0 0 0 0 0 0 0 0 0 0 0 0 0 0 0 0 0 0 0 0 0 0 0 0 0 0 0 0 0 0 0 0 0 0 0 0 0 0 0 0 0 0 0 0 0 0 0 0 0 0 0 0 0 0 0 0 0 0 0 0 0 0 0 0 0 0 0 0 0 0 0 0 0 0 0 0 0 0 0 0 0 0 0 0 0 0 0 0 0 0 0 0 0 0 0 0 0 0 0 0 1 1 1 1 1 1 1 1 1 1 1 1 1 1 1 1 1 1 1 1 1 1 1 1 1 1 1 1 1 1 1 1 1 1 1 1 1 1 1 1 1 1 1 1 1 1 1 1 1 1 1 1 1 1 1 1 1 1 1 1 1 1 1 1 1 1 1 1 1 1 1 1 1 1 1 1 1 1 1 1 1 1 1 1 1 1 1 1 1 1 1 1 1 1 1 1 1 1 1 1 1 1 1 1 1 1 1 1 1 1 1 1 1 1 1 1 1 1 1 1 1 1 1 1 1 1 1 1 1 1 1 1 1 1 1 1 1 1 1 1 1 1 1 1 1 1 1 1 1 1 1 1 1 1 1 1 1 1 1 1 1 1 1 1 1 1 1 1 1 1 1 1 1 1 1 1 1 1 1 1 1 1 1 1 1 1 1 1 1 1 1 1 1 1 1 1 1 1 1 1 1 1 1 1 1 1 1 1 1 1 1 1 1 1 1 1 1 1 1 1 1 1 1 1 1 1 1 1 1 1 1 1 1 1 1 1 1 1 1 1 1 1 1 1 1 1 1 1 1 1 1 1 1 1 1 1 
#Switch 1: 0 0 0 0 0 0 0 0 0 0 0 0 0 0 0 0 0 0 0 0 0 0 0 0 0 0 0 0 0 0 0 0 0 0 0 0 0 0 0 0 0 0 0 0 0 0 0 0 0 0 0 0 0 0 0 0 0 0 0 0 0 0 0 0 0 0 0 0 0 0 0 0 0 0 0 0 0 0 0 0 0 0 0 0 0 0 0 0 0 0 0 0 0 0 0 0 0 0 0 0 0 0 0 0 0 0 0 0 0 0 0 0 0 0 0 0 0 0 0 0 0 0 0 0 0 0 0 0 0 0 0 0 0 0 0 0 0 0 0 0 0 0 0 0 0 0 0 0 0 0 0 0 0 0 0 0 0 0 0 0 0 0 0 0 0 0 0 0 0 0 0 0 0 0 0 0 0 0 0 0 0 0 0 0 0 0 0 0 0 0 0 0 0 0 0 0 0 0 0 0 0 0 0 0 0 0 0 0 0 0 0 0 0 0 0 0 0 0 0 0 0 0 0 0 0 0 0 0 0 0 0 0 0 0 0 0 0 0 0 0 0 0 0 0 0 0 0 0 0 0 0 0 0 0 0 0 1 1 1 1 1 1 1 1 1 1 1 1 1 1 1 1 1 1 1 1 1 1 1 1 1 1 1 1 1 1 1 1 1 1 1 1 1 1 1 1 1 1 1 1 1 1 1 1 1 1 1 1 1 1 1 1 1 1 1 1 1 1 1 1 1 1 1 1 1 1 1 1 1 1 1 1 1 1 1 1 1 1 1 1 1 1 1 1 1 1 1 1 1 1 1 1 1 1 1 1 1 1 1 1 1 1 1 1 1 1 1 1 1 1 1 1 1 1 1 1 1 1 1 1 1 1 1 1 1 1 1 1 1 1 1 1 1 1 1 1 1 1 1 1 1 1 1 1 1 1 1 1 1 1 1 1 1 1 1 1 1 1 1 1 1 1 1 1 1 1 1 1 1 1 1 1 1 1 1 1 1 1 1 1 1 1 1 1 1 1 1 1 1 1 1 1 1 1 1 1 1 1 1 1 1 1 1 1 1 1 1 1 1 1 1 1 1 1 1 1 1 1 1 1 1 1 1 1 1 1 1 1 1 1 1 1 1 1 1 1 1 1 1 1 1 1 1 1 1 1 1 1 1 1 1 1 
#Switch 2: 0 0 0 0 0 0 0 0 0 0 0 0 0 0 0 0 0 0 0 0 0 0 0 0 0 0 0 0 0 0 0 0 0 0 0 0 0 0 0 0 0 0 0 0 0 0 0 0 0 0 0 0 0 0 0 0 0 0 0 0 0 0 0 0 0 0 0 0 0 0 0 0 0 0 0 0 0 0 0 0 0 0 0 0 0 0 0 0 0 0 0 0 0 0 0 0 0 0 0 0 0 0 0 0 0 0 0 0 0 0 0 0 0 0 0 0 0 0 0 0 0 0 0 0 0 0 0 0 0 0 0 0 0 0 0 0 0 0 0 0 0 0 0 0 0 0 0 0 0 0 0 0 0 0 0 0 0 0 0 0 0 0 0 0 0 0 0 0 0 0 0 0 0 0 0 0 0 0 0 0 0 0 0 0 0 0 0 0 0 0 0 0 0 0 0 0 0 0 0 0 0 0 0 0 0 0 0 0 0 0 0 0 0 0 0 0 0 0 0 0 0 0 0 0 0 0 0 0 0 0 0 0 0 0 0 0 0 0 0 0 0 0 0 0 0 0 0 0 0 0 0 0 0 0 0 0 1 1 1 1 1 1 1 1 1 1 1 1 1 1 1 1 1 1 1 1 1 1 1 1 1 1 1 1 1 1 1 1 1 1 1 1 1 1 1 1 1 1 1 1 1 1 1 1 1 1 1 1 1 1 1 1 1 1 1 1 1 1 1 1 1 1 1 1 1 1 1 1 1 1 1 1 1 1 1 1 1 1 1 1 1 1 1 1 1 1 1 1 1 1 1 1 1 1 1 1 1 1 1 1 1 1 1 1 1 1 1 1 1 1 1 1 1 1 1 1 1 1 1 1 1 1 1 1 1 1 1 1 1 1 1 1 1 1 1 1 1 1 1 1 1 1 1 1 1 1 1 1 1 1 1 1 1 1 1 1 1 1 1 1 1 1 1 1 1 1 1 1 1 1 1 1 1 1 1 1 1 1 1 1 1 1 1 1 1 1 1 1 1 1 1 1 1 1 1 1 1 1 1 1 1 1 1 1 1 1 1 1 1 1 1 1 1 1 1 1 1 1 1 1 1 1 1 1 1 1 1 1 1 1 1 1 1 1 1 1 1 1 1 1 1 1 1 1 1 1 1 1 1 1 1 1 
#Switch 3: 0 0 0 0 0 0 0 0 0 0 0 0 0 0 0 0 0 0 0 0 0 0 0 0 0 0 0 0 0 0 0 0 0 0 0 0 0 0 0 0 0 0 0 0 0 0 0 0 0 0 0 0 0 0 0 0 0 0 0 0 0 0 0 0 0 0 0 0 0 0 0 0 0 0 0 0 0 0 0 0 0 0 0 0 0 0 0 0 0 0 0 0 0 0 0 0 0 0 0 0 0 0 0 0 0 0 0 0 0 0 0 0 0 0 0 0 0 0 0 0 0 0 0 0 0 0 0 0 0 0 0 0 0 0 0 0 0 0 0 0 0 0 0 0 0 0 0 0 0 0 0 0 0 0 0 0 0 0 0 0 0 0 0 0 0 0 0 0 0 0 0 0 0 0 0 0 0 0 0 0 0 0 0 0 0 0 0 0 0 0 0 0 0 0 0 0 0 0 0 0 0 0 0 0 0 0 0 0 0 0 0 0 0 0 0 0 0 0 0 0 0 0 0 0 0 0 0 0 0 0 0 0 0 0 0 0 0 0 0 0 0 0 0 0 0 0 0 0 0 0 0 0 0 0 0 0 1 1 1 1 1 1 1 1 1 1 1 1 1 1 1 1 1 1 1 1 1 1 1 1 1 1 1 1 1 1 1 1 1 1 1 1 1 1 1 1 1 1 1 1 1 1 1 1 1 1 1 1 1 1 1 1 1 1 1 1 1 1 1 1 1 1 1 1 1 1 1 1 1 1 1 1 1 1 1 1 1 1 1 1 1 1 1 1 1 1 1 1 1 1 1 1 1 1 1 1 1 1 1 1 1 1 1 1 1 1 1 1 1 1 1 1 1 1 1 1 1 1 1 1 1 1 1 1 1 1 1 1 1 1 1 1 1 1 1 1 1 1 1 1 1 1 1 1 1 1 1 1 1 1 1 1 1 1 1 1 1 1 1 1 1 1 1 1 1 1 1 1 1 1 1 1 1 1 1 1 1 1 1 1 1 1 1 1 1 1 1 1 1 1 1 1 1 1 1 1 1 1 1 1 1 1 1 1 1 1 1 1 1 1 1 1 1 1 1 1 1 1 1 1 1 1 1 1 1 1 1 1 1 1 1 1 1 1 1 1 1 1 1 1 1 1 1 1 1 1 1 1 1 1 1 1 
#Stage 1:
#Switch 0: 0 0 0 0 0 0 0 0 0 0 0 0 0 0 0 0 0 0 0 0 0 0 0 0 0 0 0 0 0 0 0 0 0 0 0 0 0 0 0 0 0 0 0 0 0 0 0 0 0 0 0 0 0 0 0 0 0 0 0 0 0 0 0 0 0 0 0 0 0 0 0 0 0 0 0 0 0 0 0 0 0 0 0 0 0 0 0 0 0 0 0 0 0 0 0 0 0 0 0 0 0 0 0 0 0 0 0 0 0 0 0 0 0 0 0 0 0 0 0 0 0 0 0 0 0 0 0 0 1 1 1 1 1 1 1 1 1 1 1 1 1 1 1 1 1 1 1 1 1 1 1 1 1 1 1 1 1 1 1 1 1 1 1 1 1 1 1 1 1 1 1 1 1 1 1 1 1 1 1 1 1 1 1 1 1 1 1 1 1 1 1 1 1 1 1 1 1 1 1 1 1 1 1 1 1 1 1 1 1 1 1 1 1 1 1 1 1 1 1 1 1 1 1 1 1 1 1 1 1 1 1 1 1 1 1 1 1 1 1 1 1 1 1 1 1 1 1 1 1 1 1 1 1 1 1 1 0 0 0 0 0 0 0 0 0 0 0 0 0 0 0 0 0 0 0 0 0 0 0 0 0 0 0 0 0 0 0 0 0 0 0 0 0 0 0 0 0 0 0 0 0 0 0 0 0 0 0 0 0 0 0 0 0 0 0 0 0 0 0 0 0 0 0 0 0 0 0 0 0 0 0 0 0 0 0 0 0 0 0 0 0 0 0 0 0 0 0 0 0 0 0 0 0 0 0 0 0 0 0 0 0 0 0 0 0 0 0 0 0 0 0 0 0 0 0 0 0 0 0 0 0 0 0 0 1 1 1 1 1 1 1 1 1 1 1 1 1 1 1 1 1 1 1 1 1 1 1 1 1 1 1 1 1 1 1 1 1 1 1 1 1 1 1 1 1 1 1 1 1 1 1 1 1 1 1 1 1 1 1 1 1 1 1 1 1 1 1 1 1 1 1 1 1 1 1 1 1 1 1 1 1 1 1 1 1 1 1 1 1 1 1 1 1 1 1 1 1 1 1 1 1 1 1 1 1 1 1 1 1 1 1 1 1 1 1 1 1 1 1 1 1 1 1 1 1 1 1 1 1 1 1 1 
#Switch 1: 0 0 0 0 0 0 0 0 0 0 0 0 0 0 0 0 0 0 0 0 0 0 0 0 0 0 0 0 0 0 0 0 0 0 0 0 0 0 0 0 0 0 0 0 0 0 0 0 0 0 0 0 0 0 0 0 0 0 0 0 0 0 0 0 0 0 0 0 0 0 0 0 0 0 0 0 0 0 0 0 0 0 0 0 0 0 0 0 0 0 0 0 0 0 0 0 0 0 0 0 0 0 0 0 0 0 0 0 0 0 0 0 0 0 0 0 0 0 0 0 0 0 0 0 0 0 0 0 1 1 1 1 1 1 1 1 1 1 1 1 1 1 1 1 1 1 1 1 1 1 1 1 1 1 1 1 1 1 1 1 1 1 1 1 1 1 1 1 1 1 1 1 1 1 1 1 1 1 1 1 1 1 1 1 1 1 1 1 1 1 1 1 1 1 1 1 1 1 1 1 1 1 1 1 1 1 1 1 1 1 1 1 1 1 1 1 1 1 1 1 1 1 1 1 1 1 1 1 1 1 1 1 1 1 1 1 1 1 1 1 1 1 1 1 1 1 1 1 1 1 1 1 1 1 1 1 0 0 0 0 0 0 0 0 0 0 0 0 0 0 0 0 0 0 0 0 0 0 0 0 0 0 0 0 0 0 0 0 0 0 0 0 0 0 0 0 0 0 0 0 0 0 0 0 0 0 0 0 0 0 0 0 0 0 0 0 0 0 0 0 0 0 0 0 0 0 0 0 0 0 0 0 0 0 0 0 0 0 0 0 0 0 0 0 0 0 0 0 0 0 0 0 0 0 0 0 0 0 0 0 0 0 0 0 0 0 0 0 0 0 0 0 0 0 0 0 0 0 0 0 0 0 0 0 1 1 1 1 1 1 1 1 1 1 1 1 1 1 1 1 1 1 1 1 1 1 1 1 1 1 1 1 1 1 1 1 1 1 1 1 1 1 1 1 1 1 1 1 1 1 1 1 1 1 1 1 1 1 1 1 1 1 1 1 1 1 1 1 1 1 1 1 1 1 1 1 1 1 1 1 1 1 1 1 1 1 1 1 1 1 1 1 1 1 1 1 1 1 1 1 1 1 1 1 1 1 1 1 1 1 1 1 1 1 1 1 1 1 1 1 1 1 1 1 1 1 1 1 1 1 1 1 
#Switch 2: 0 0 0 0 0 0 0 0 0 0 0 0 0 0 0 0 0 0 0 0 0 0 0 0 0 0 0 0 0 0 0 0 0 0 0 0 0 0 0 0 0 0 0 0 0 0 0 0 0 0 0 0 0 0 0 0 0 0 0 0 0 0 0 0 0 0 0 0 0 0 0 0 0 0 0 0 0 0 0 0 0 0 0 0 0 0 0 0 0 0 0 0 0 0 0 0 0 0 0 0 0 0 0 0 0 0 0 0 0 0 0 0 0 0 0 0 0 0 0 0 0 0 0 0 0 0 0 0 1 1 1 1 1 1 1 1 1 1 1 1 1 1 1 1 1 1 1 1 1 1 1 1 1 1 1 1 1 1 1 1 1 1 1 1 1 1 1 1 1 1 1 1 1 1 1 1 1 1 1 1 1 1 1 1 1 1 1 1 1 1 1 1 1 1 1 1 1 1 1 1 1 1 1 1 1 1 1 1 1 1 1 1 1 1 1 1 1 1 1 1 1 1 1 1 1 1 1 1 1 1 1 1 1 1 1 1 1 1 1 1 1 1 1 1 1 1 1 1 1 1 1 1 1 1 1 1 0 0 0 0 0 0 0 0 0 0 0 0 0 0 0 0 0 0 0 0 0 0 0 0 0 0 0 0 0 0 0 0 0 0 0 0 0 0 0 0 0 0 0 0 0 0 0 0 0 0 0 0 0 0 0 0 0 0 0 0 0 0 0 0 0 0 0 0 0 0 0 0 0 0 0 0 0 0 0 0 0 0 0 0 0 0 0 0 0 0 0 0 0 0 0 0 0 0 0 0 0 0 0 0 0 0 0 0 0 0 0 0 0 0 0 0 0 0 0 0 0 0 0 0 0 0 0 0 1 1 1 1 1 1 1 1 1 1 1 1 1 1 1 1 1 1 1 1 1 1 1 1 1 1 1 1 1 1 1 1 1 1 1 1 1 1 1 1 1 1 1 1 1 1 1 1 1 1 1 1 1 1 1 1 1 1 1 1 1 1 1 1 1 1 1 1 1 1 1 1 1 1 1 1 1 1 1 1 1 1 1 1 1 1 1 1 1 1 1 1 1 1 1 1 1 1 1 1 1 1 1 1 1 1 1 1 1 1 1 1 1 1 1 1 1 1 1 1 1 1 1 1 1 1 1 1 
#Switch 3: 0 0 0 0 0 0 0 0 0 0 0 0 0 0 0 0 0 0 0 0 0 0 0 0 0 0 0 0 0 0 0 0 0 0 0 0 0 0 0 0 0 0 0 0 0 0 0 0 0 0 0 0 0 0 0 0 0 0 0 0 0 0 0 0 0 0 0 0 0 0 0 0 0 0 0 0 0 0 0 0 0 0 0 0 0 0 0 0 0 0 0 0 0 0 0 0 0 0 0 0 0 0 0 0 0 0 0 0 0 0 0 0 0 0 0 0 0 0 0 0 0 0 0 0 0 0 0 0 1 1 1 1 1 1 1 1 1 1 1 1 1 1 1 1 1 1 1 1 1 1 1 1 1 1 1 1 1 1 1 1 1 1 1 1 1 1 1 1 1 1 1 1 1 1 1 1 1 1 1 1 1 1 1 1 1 1 1 1 1 1 1 1 1 1 1 1 1 1 1 1 1 1 1 1 1 1 1 1 1 1 1 1 1 1 1 1 1 1 1 1 1 1 1 1 1 1 1 1 1 1 1 1 1 1 1 1 1 1 1 1 1 1 1 1 1 1 1 1 1 1 1 1 1 1 1 1 0 0 0 0 0 0 0 0 0 0 0 0 0 0 0 0 0 0 0 0 0 0 0 0 0 0 0 0 0 0 0 0 0 0 0 0 0 0 0 0 0 0 0 0 0 0 0 0 0 0 0 0 0 0 0 0 0 0 0 0 0 0 0 0 0 0 0 0 0 0 0 0 0 0 0 0 0 0 0 0 0 0 0 0 0 0 0 0 0 0 0 0 0 0 0 0 0 0 0 0 0 0 0 0 0 0 0 0 0 0 0 0 0 0 0 0 0 0 0 0 0 0 0 0 0 0 0 0 1 1 1 1 1 1 1 1 1 1 1 1 1 1 1 1 1 1 1 1 1 1 1 1 1 1 1 1 1 1 1 1 1 1 1 1 1 1 1 1 1 1 1 1 1 1 1 1 1 1 1 1 1 1 1 1 1 1 1 1 1 1 1 1 1 1 1 1 1 1 1 1 1 1 1 1 1 1 1 1 1 1 1 1 1 1 1 1 1 1 1 1 1 1 1 1 1 1 1 1 1 1 1 1 1 1 1 1 1 1 1 1 1 1 1 1 1 1 1 1 1 1 1 1 1 1 1 1 
#Stage 2:
#Switch 0: 0 0 0 0 0 0 0 0 0 0 0 0 0 0 0 0 0 0 0 0 0 0 0 0 0 0 0 0 0 0 0 0 0 0 0 0 0 0 0 0 0 0 0 0 0 0 0 0 0 0 0 0 0 0 0 0 0 0 0 0 0 0 0 0 1 1 1 1 1 1 1 1 1 1 1 1 1 1 1 1 1 1 1 1 1 1 1 1 1 1 1 1 1 1 1 1 1 1 1 1 1 1 1 1 1 1 1 1 1 1 1 1 1 1 1 1 1 1 1 1 1 1 1 1 1 1 1 1 0 0 0 0 0 0 0 0 0 0 0 0 0 0 0 0 0 0 0 0 0 0 0 0 0 0 0 0 0 0 0 0 0 0 0 0 0 0 0 0 0 0 0 0 0 0 0 0 0 0 0 0 0 0 0 0 0 0 0 0 0 0 0 0 1 1 1 1 1 1 1 1 1 1 1 1 1 1 1 1 1 1 1 1 1 1 1 1 1 1 1 1 1 1 1 1 1 1 1 1 1 1 1 1 1 1 1 1 1 1 1 1 1 1 1 1 1 1 1 1 1 1 1 1 1 1 1 1 0 0 0 0 0 0 0 0 0 0 0 0 0 0 0 0 0 0 0 0 0 0 0 0 0 0 0 0 0 0 0 0 0 0 0 0 0 0 0 0 0 0 0 0 0 0 0 0 0 0 0 0 0 0 0 0 0 0 0 0 0 0 0 0 1 1 1 1 1 1 1 1 1 1 1 1 1 1 1 1 1 1 1 1 1 1 1 1 1 1 1 1 1 1 1 1 1 1 1 1 1 1 1 1 1 1 1 1 1 1 1 1 1 1 1 1 1 1 1 1 1 1 1 1 1 1 1 1 0 0 0 0 0 0 0 0 0 0 0 0 0 0 0 0 0 0 0 0 0 0 0 0 0 0 0 0 0 0 0 0 0 0 0 0 0 0 0 0 0 0 0 0 0 0 0 0 0 0 0 0 0 0 0 0 0 0 0 0 0 0 0 0 1 1 1 1 1 1 1 1 1 1 1 1 1 1 1 1 1 1 1 1 1 1 1 1 1 1 1 1 1 1 1 1 1 1 1 1 1 1 1 1 1 1 1 1 1 1 1 1 1 1 1 1 1 1 1 1 1 1 1 1 1 1 1 1 
#Switch 1: 0 0 0 0 0 0 0 0 0 0 0 0 0 0 0 0 0 0 0 0 0 0 0 0 0 0 0 0 0 0 0 0 0 0 0 0 0 0 0 0 0 0 0 0 0 0 0 0 0 0 0 0 0 0 0 0 0 0 0 0 0 0 0 0 1 1 1 1 1 1 1 1 1 1 1 1 1 1 1 1 1 1 1 1 1 1 1 1 1 1 1 1 1 1 1 1 1 1 1 1 1 1 1 1 1 1 1 1 1 1 1 1 1 1 1 1 1 1 1 1 1 1 1 1 1 1 1 1 0 0 0 0 0 0 0 0 0 0 0 0 0 0 0 0 0 0 0 0 0 0 0 0 0 0 0 0 0 0 0 0 0 0 0 0 0 0 0 0 0 0 0 0 0 0 0 0 0 0 0 0 0 0 0 0 0 0 0 0 0 0 0 0 1 1 1 1 1 1 1 1 1 1 1 1 1 1 1 1 1 1 1 1 1 1 1 1 1 1 1 1 1 1 1 1 1 1 1 1 1 1 1 1 1 1 1 1 1 1 1 1 1 1 1 1 1 1 1 1 1 1 1 1 1 1 1 1 0 0 0 0 0 0 0 0 0 0 0 0 0 0 0 0 0 0 0 0 0 0 0 0 0 0 0 0 0 0 0 0 0 0 0 0 0 0 0 0 0 0 0 0 0 0 0 0 0 0 0 0 0 0 0 0 0 0 0 0 0 0 0 0 1 1 1 1 1 1 1 1 1 1 1 1 1 1 1 1 1 1 1 1 1 1 1 1 1 1 1 1 1 1 1 1 1 1 1 1 1 1 1 1 1 1 1 1 1 1 1 1 1 1 1 1 1 1 1 1 1 1 1 1 1 1 1 1 0 0 0 0 0 0 0 0 0 0 0 0 0 0 0 0 0 0 0 0 0 0 0 0 0 0 0 0 0 0 0 0 0 0 0 0 0 0 0 0 0 0 0 0 0 0 0 0 0 0 0 0 0 0 0 0 0 0 0 0 0 0 0 0 1 1 1 1 1 1 1 1 1 1 1 1 1 1 1 1 1 1 1 1 1 1 1 1 1 1 1 1 1 1 1 1 1 1 1 1 1 1 1 1 1 1 1 1 1 1 1 1 1 1 1 1 1 1 1 1 1 1 1 1 1 1 1 1 
#Switch 2: 0 0 0 0 0 0 0 0 0 0 0 0 0 0 0 0 0 0 0 0 0 0 0 0 0 0 0 0 0 0 0 0 0 0 0 0 0 0 0 0 0 0 0 0 0 0 0 0 0 0 0 0 0 0 0 0 0 0 0 0 0 0 0 0 1 1 1 1 1 1 1 1 1 1 1 1 1 1 1 1 1 1 1 1 1 1 1 1 1 1 1 1 1 1 1 1 1 1 1 1 1 1 1 1 1 1 1 1 1 1 1 1 1 1 1 1 1 1 1 1 1 1 1 1 1 1 1 1 0 0 0 0 0 0 0 0 0 0 0 0 0 0 0 0 0 0 0 0 0 0 0 0 0 0 0 0 0 0 0 0 0 0 0 0 0 0 0 0 0 0 0 0 0 0 0 0 0 0 0 0 0 0 0 0 0 0 0 0 0 0 0 0 1 1 1 1 1 1 1 1 1 1 1 1 1 1 1 1 1 1 1 1 1 1 1 1 1 1 1 1 1 1 1 1 1 1 1 1 1 1 1 1 1 1 1 1 1 1 1 1 1 1 1 1 1 1 1 1 1 1 1 1 1 1 1 1 0 0 0 0 0 0 0 0 0 0 0 0 0 0 0 0 0 0 0 0 0 0 0 0 0 0 0 0 0 0 0 0 0 0 0 0 0 0 0 0 0 0 0 0 0 0 0 0 0 0 0 0 0 0 0 0 0 0 0 0 0 0 0 0 1 1 1 1 1 1 1 1 1 1 1 1 1 1 1 1 1 1 1 1 1 1 1 1 1 1 1 1 1 1 1 1 1 1 1 1 1 1 1 1 1 1 1 1 1 1 1 1 1 1 1 1 1 1 1 1 1 1 1 1 1 1 1 1 0 0 0 0 0 0 0 0 0 0 0 0 0 0 0 0 0 0 0 0 0 0 0 0 0 0 0 0 0 0 0 0 0 0 0 0 0 0 0 0 0 0 0 0 0 0 0 0 0 0 0 0 0 0 0 0 0 0 0 0 0 0 0 0 1 1 1 1 1 1 1 1 1 1 1 1 1 1 1 1 1 1 1 1 1 1 1 1 1 1 1 1 1 1 1 1 1 1 1 1 1 1 1 1 1 1 1 1 1 1 1 1 1 1 1 1 1 1 1 1 1 1 1 1 1 1 1 1 
#Switch 3: 0 0 0 0 0 0 0 0 0 0 0 0 0 0 0 0 0 0 0 0 0 0 0 0 0 0 0 0 0 0 0 0 0 0 0 0 0 0 0 0 0 0 0 0 0 0 0 0 0 0 0 0 0 0 0 0 0 0 0 0 0 0 0 0 1 1 1 1 1 1 1 1 1 1 1 1 1 1 1 1 1 1 1 1 1 1 1 1 1 1 1 1 1 1 1 1 1 1 1 1 1 1 1 1 1 1 1 1 1 1 1 1 1 1 1 1 1 1 1 1 1 1 1 1 1 1 1 1 0 0 0 0 0 0 0 0 0 0 0 0 0 0 0 0 0 0 0 0 0 0 0 0 0 0 0 0 0 0 0 0 0 0 0 0 0 0 0 0 0 0 0 0 0 0 0 0 0 0 0 0 0 0 0 0 0 0 0 0 0 0 0 0 1 1 1 1 1 1 1 1 1 1 1 1 1 1 1 1 1 1 1 1 1 1 1 1 1 1 1 1 1 1 1 1 1 1 1 1 1 1 1 1 1 1 1 1 1 1 1 1 1 1 1 1 1 1 1 1 1 1 1 1 1 1 1 1 0 0 0 0 0 0 0 0 0 0 0 0 0 0 0 0 0 0 0 0 0 0 0 0 0 0 0 0 0 0 0 0 0 0 0 0 0 0 0 0 0 0 0 0 0 0 0 0 0 0 0 0 0 0 0 0 0 0 0 0 0 0 0 0 1 1 1 1 1 1 1 1 1 1 1 1 1 1 1 1 1 1 1 1 1 1 1 1 1 1 1 1 1 1 1 1 1 1 1 1 1 1 1 1 1 1 1 1 1 1 1 1 1 1 1 1 1 1 1 1 1 1 1 1 1 1 1 1 0 0 0 0 0 0 0 0 0 0 0 0 0 0 0 0 0 0 0 0 0 0 0 0 0 0 0 0 0 0 0 0 0 0 0 0 0 0 0 0 0 0 0 0 0 0 0 0 0 0 0 0 0 0 0 0 0 0 0 0 0 0 0 0 1 1 1 1 1 1 1 1 1 1 1 1 1 1 1 1 1 1 1 1 1 1 1 1 1 1 1 1 1 1 1 1 1 1 1 1 1 1 1 1 1 1 1 1 1 1 1 1 1 1 1 1 1 1 1 1 1 1 1 1 1 1 1 1 
#Switch ctrl in output stages:
#Stage 0:
#Switch 0: 0 0 0 0 0 0 0 0 0 0 0 0 0 0 0 0 0 0 0 0 0 0 0 0 0 0 0 0 0 0 0 0 0 0 0 0 0 0 0 0 0 0 0 0 0 0 0 0 0 0 0 0 0 0 0 0 0 0 0 0 0 0 0 0 0 0 0 0 0 0 0 0 0 0 0 0 0 0 0 0 0 0 0 0 0 0 0 0 0 0 0 0 0 0 0 0 0 0 0 0 0 0 0 0 0 0 0 0 0 0 0 0 0 0 0 0 0 0 0 0 0 0 0 0 0 0 0 0 0 0 0 0 0 0 0 0 0 0 0 0 0 0 0 0 0 0 0 0 0 0 0 0 0 0 0 0 0 0 0 0 0 0 0 0 0 0 0 0 0 0 0 0 0 0 0 0 0 0 0 0 0 0 0 0 0 0 0 0 0 0 0 0 0 0 0 0 0 0 0 0 0 0 0 0 0 0 0 0 0 0 0 0 0 0 0 0 0 0 0 0 0 0 0 0 0 0 0 0 0 0 0 0 0 0 0 0 0 0 0 0 0 0 0 0 0 0 0 0 0 0 0 0 0 0 0 0 1 1 1 1 1 1 1 1 1 1 1 1 1 1 1 1 1 1 1 1 1 1 1 1 1 1 1 1 1 1 1 1 1 1 1 1 1 1 1 1 1 1 1 1 1 1 1 1 1 1 1 1 1 1 1 1 1 1 1 1 1 1 1 1 1 1 1 1 1 1 1 1 1 1 1 1 1 1 1 1 1 1 1 1 1 1 1 1 1 1 1 1 1 1 1 1 1 1 1 1 1 1 1 1 1 1 1 1 1 1 1 1 1 1 1 1 1 1 1 1 1 1 1 1 1 1 1 1 1 1 1 1 1 1 1 1 1 1 1 1 1 1 1 1 1 1 1 1 1 1 1 1 1 1 1 1 1 1 1 1 1 1 1 1 1 1 1 1 1 1 1 1 1 1 1 1 1 1 1 1 1 1 1 1 1 1 1 1 1 1 1 1 1 1 1 1 1 1 1 1 1 1 1 1 1 1 1 1 1 1 1 1 1 1 1 1 1 1 1 1 1 1 1 1 1 1 1 1 1 1 1 1 1 1 1 1 1 1 1 1 1 1 1 1 1 1 1 1 1 1 1 1 1 1 1 1 
#Switch 1: 0 0 0 0 0 0 0 0 0 0 0 0 0 0 0 0 0 0 0 0 0 0 0 0 0 0 0 0 0 0 0 0 0 0 0 0 0 0 0 0 0 0 0 0 0 0 0 0 0 0 0 0 0 0 0 0 0 0 0 0 0 0 0 0 0 0 0 0 0 0 0 0 0 0 0 0 0 0 0 0 0 0 0 0 0 0 0 0 0 0 0 0 0 0 0 0 0 0 0 0 0 0 0 0 0 0 0 0 0 0 0 0 0 0 0 0 0 0 0 0 0 0 0 0 0 0 0 0 0 0 0 0 0 0 0 0 0 0 0 0 0 0 0 0 0 0 0 0 0 0 0 0 0 0 0 0 0 0 0 0 0 0 0 0 0 0 0 0 0 0 0 0 0 0 0 0 0 0 0 0 0 0 0 0 0 0 0 0 0 0 0 0 0 0 0 0 0 0 0 0 0 0 0 0 0 0 0 0 0 0 0 0 0 0 0 0 0 0 0 0 0 0 0 0 0 0 0 0 0 0 0 0 0 0 0 0 0 0 0 0 0 0 0 0 0 0 0 0 0 0 0 0 0 0 0 0 1 1 1 1 1 1 1 1 1 1 1 1 1 1 1 1 1 1 1 1 1 1 1 1 1 1 1 1 1 1 1 1 1 1 1 1 1 1 1 1 1 1 1 1 1 1 1 1 1 1 1 1 1 1 1 1 1 1 1 1 1 1 1 1 1 1 1 1 1 1 1 1 1 1 1 1 1 1 1 1 1 1 1 1 1 1 1 1 1 1 1 1 1 1 1 1 1 1 1 1 1 1 1 1 1 1 1 1 1 1 1 1 1 1 1 1 1 1 1 1 1 1 1 1 1 1 1 1 1 1 1 1 1 1 1 1 1 1 1 1 1 1 1 1 1 1 1 1 1 1 1 1 1 1 1 1 1 1 1 1 1 1 1 1 1 1 1 1 1 1 1 1 1 1 1 1 1 1 1 1 1 1 1 1 1 1 1 1 1 1 1 1 1 1 1 1 1 1 1 1 1 1 1 1 1 1 1 1 1 1 1 1 1 1 1 1 1 1 1 1 1 1 1 1 1 1 1 1 1 1 1 1 1 1 1 1 1 1 1 1 1 1 1 1 1 1 1 1 1 1 1 1 1 1 1 1 
#Switch 2: 0 0 0 0 0 0 0 0 0 0 0 0 0 0 0 0 0 0 0 0 0 0 0 0 0 0 0 0 0 0 0 0 0 0 0 0 0 0 0 0 0 0 0 0 0 0 0 0 0 0 0 0 0 0 0 0 0 0 0 0 0 0 0 0 0 0 0 0 0 0 0 0 0 0 0 0 0 0 0 0 0 0 0 0 0 0 0 0 0 0 0 0 0 0 0 0 0 0 0 0 0 0 0 0 0 0 0 0 0 0 0 0 0 0 0 0 0 0 0 0 0 0 0 0 0 0 0 0 0 0 0 0 0 0 0 0 0 0 0 0 0 0 0 0 0 0 0 0 0 0 0 0 0 0 0 0 0 0 0 0 0 0 0 0 0 0 0 0 0 0 0 0 0 0 0 0 0 0 0 0 0 0 0 0 0 0 0 0 0 0 0 0 0 0 0 0 0 0 0 0 0 0 0 0 0 0 0 0 0 0 0 0 0 0 0 0 0 0 0 0 0 0 0 0 0 0 0 0 0 0 0 0 0 0 0 0 0 0 0 0 0 0 0 0 0 0 0 0 0 0 0 0 0 0 0 0 1 1 1 1 1 1 1 1 1 1 1 1 1 1 1 1 1 1 1 1 1 1 1 1 1 1 1 1 1 1 1 1 1 1 1 1 1 1 1 1 1 1 1 1 1 1 1 1 1 1 1 1 1 1 1 1 1 1 1 1 1 1 1 1 1 1 1 1 1 1 1 1 1 1 1 1 1 1 1 1 1 1 1 1 1 1 1 1 1 1 1 1 1 1 1 1 1 1 1 1 1 1 1 1 1 1 1 1 1 1 1 1 1 1 1 1 1 1 1 1 1 1 1 1 1 1 1 1 1 1 1 1 1 1 1 1 1 1 1 1 1 1 1 1 1 1 1 1 1 1 1 1 1 1 1 1 1 1 1 1 1 1 1 1 1 1 1 1 1 1 1 1 1 1 1 1 1 1 1 1 1 1 1 1 1 1 1 1 1 1 1 1 1 1 1 1 1 1 1 1 1 1 1 1 1 1 1 1 1 1 1 1 1 1 1 1 1 1 1 1 1 1 1 1 1 1 1 1 1 1 1 1 1 1 1 1 1 1 1 1 1 1 1 1 1 1 1 1 1 1 1 1 1 1 1 1 
#Switch 3: 0 0 0 0 0 0 0 0 0 0 0 0 0 0 0 0 0 0 0 0 0 0 0 0 0 0 0 0 0 0 0 0 0 0 0 0 0 0 0 0 0 0 0 0 0 0 0 0 0 0 0 0 0 0 0 0 0 0 0 0 0 0 0 0 0 0 0 0 0 0 0 0 0 0 0 0 0 0 0 0 0 0 0 0 0 0 0 0 0 0 0 0 0 0 0 0 0 0 0 0 0 0 0 0 0 0 0 0 0 0 0 0 0 0 0 0 0 0 0 0 0 0 0 0 0 0 0 0 0 0 0 0 0 0 0 0 0 0 0 0 0 0 0 0 0 0 0 0 0 0 0 0 0 0 0 0 0 0 0 0 0 0 0 0 0 0 0 0 0 0 0 0 0 0 0 0 0 0 0 0 0 0 0 0 0 0 0 0 0 0 0 0 0 0 0 0 0 0 0 0 0 0 0 0 0 0 0 0 0 0 0 0 0 0 0 0 0 0 0 0 0 0 0 0 0 0 0 0 0 0 0 0 0 0 0 0 0 0 0 0 0 0 0 0 0 0 0 0 0 0 0 0 0 0 0 0 1 1 1 1 1 1 1 1 1 1 1 1 1 1 1 1 1 1 1 1 1 1 1 1 1 1 1 1 1 1 1 1 1 1 1 1 1 1 1 1 1 1 1 1 1 1 1 1 1 1 1 1 1 1 1 1 1 1 1 1 1 1 1 1 1 1 1 1 1 1 1 1 1 1 1 1 1 1 1 1 1 1 1 1 1 1 1 1 1 1 1 1 1 1 1 1 1 1 1 1 1 1 1 1 1 1 1 1 1 1 1 1 1 1 1 1 1 1 1 1 1 1 1 1 1 1 1 1 1 1 1 1 1 1 1 1 1 1 1 1 1 1 1 1 1 1 1 1 1 1 1 1 1 1 1 1 1 1 1 1 1 1 1 1 1 1 1 1 1 1 1 1 1 1 1 1 1 1 1 1 1 1 1 1 1 1 1 1 1 1 1 1 1 1 1 1 1 1 1 1 1 1 1 1 1 1 1 1 1 1 1 1 1 1 1 1 1 1 1 1 1 1 1 1 1 1 1 1 1 1 1 1 1 1 1 1 1 1 1 1 1 1 1 1 1 1 1 1 1 1 1 1 1 1 1 1 
#Stage 1:
#Switch 0: 0 0 0 0 0 0 0 0 0 0 0 0 0 0 0 0 0 0 0 0 0 0 0 0 0 0 0 0 0 0 0 0 0 0 0 0 0 0 0 0 0 0 0 0 0 0 0 0 0 0 0 0 0 0 0 0 0 0 0 0 0 0 0 0 0 0 0 0 0 0 0 0 0 0 0 0 0 0 0 0 0 0 0 0 0 0 0 0 0 0 0 0 0 0 0 0 0 0 0 0 0 0 0 0 0 0 0 0 0 0 0 0 0 0 0 0 0 0 0 0 0 0 0 0 0 0 0 0 1 1 1 1 1 1 1 1 1 1 1 1 1 1 1 1 1 1 1 1 1 1 1 1 1 1 1 1 1 1 1 1 1 1 1 1 1 1 1 1 1 1 1 1 1 1 1 1 1 1 1 1 1 1 1 1 1 1 1 1 1 1 1 1 1 1 1 1 1 1 1 1 1 1 1 1 1 1 1 1 1 1 1 1 1 1 1 1 1 1 1 1 1 1 1 1 1 1 1 1 1 1 1 1 1 1 1 1 1 1 1 1 1 1 1 1 1 1 1 1 1 1 1 1 1 1 1 1 0 0 0 0 0 0 0 0 0 0 0 0 0 0 0 0 0 0 0 0 0 0 0 0 0 0 0 0 0 0 0 0 0 0 0 0 0 0 0 0 0 0 0 0 0 0 0 0 0 0 0 0 0 0 0 0 0 0 0 0 0 0 0 0 0 0 0 0 0 0 0 0 0 0 0 0 0 0 0 0 0 0 0 0 0 0 0 0 0 0 0 0 0 0 0 0 0 0 0 0 0 0 0 0 0 0 0 0 0 0 0 0 0 0 0 0 0 0 0 0 0 0 0 0 0 0 0 0 1 1 1 1 1 1 1 1 1 1 1 1 1 1 1 1 1 1 1 1 1 1 1 1 1 1 1 1 1 1 1 1 1 1 1 1 1 1 1 1 1 1 1 1 1 1 1 1 1 1 1 1 1 1 1 1 1 1 1 1 1 1 1 1 1 1 1 1 1 1 1 1 1 1 1 1 1 1 1 1 1 1 1 1 1 1 1 1 1 1 1 1 1 1 1 1 1 1 1 1 1 1 1 1 1 1 1 1 1 1 1 1 1 1 1 1 1 1 1 1 1 1 1 1 1 1 1 1 
#Switch 1: 0 0 0 0 0 0 0 0 0 0 0 0 0 0 0 0 0 0 0 0 0 0 0 0 0 0 0 0 0 0 0 0 0 0 0 0 0 0 0 0 0 0 0 0 0 0 0 0 0 0 0 0 0 0 0 0 0 0 0 0 0 0 0 0 0 0 0 0 0 0 0 0 0 0 0 0 0 0 0 0 0 0 0 0 0 0 0 0 0 0 0 0 0 0 0 0 0 0 0 0 0 0 0 0 0 0 0 0 0 0 0 0 0 0 0 0 0 0 0 0 0 0 0 0 0 0 0 0 1 1 1 1 1 1 1 1 1 1 1 1 1 1 1 1 1 1 1 1 1 1 1 1 1 1 1 1 1 1 1 1 1 1 1 1 1 1 1 1 1 1 1 1 1 1 1 1 1 1 1 1 1 1 1 1 1 1 1 1 1 1 1 1 1 1 1 1 1 1 1 1 1 1 1 1 1 1 1 1 1 1 1 1 1 1 1 1 1 1 1 1 1 1 1 1 1 1 1 1 1 1 1 1 1 1 1 1 1 1 1 1 1 1 1 1 1 1 1 1 1 1 1 1 1 1 1 1 0 0 0 0 0 0 0 0 0 0 0 0 0 0 0 0 0 0 0 0 0 0 0 0 0 0 0 0 0 0 0 0 0 0 0 0 0 0 0 0 0 0 0 0 0 0 0 0 0 0 0 0 0 0 0 0 0 0 0 0 0 0 0 0 0 0 0 0 0 0 0 0 0 0 0 0 0 0 0 0 0 0 0 0 0 0 0 0 0 0 0 0 0 0 0 0 0 0 0 0 0 0 0 0 0 0 0 0 0 0 0 0 0 0 0 0 0 0 0 0 0 0 0 0 0 0 0 0 1 1 1 1 1 1 1 1 1 1 1 1 1 1 1 1 1 1 1 1 1 1 1 1 1 1 1 1 1 1 1 1 1 1 1 1 1 1 1 1 1 1 1 1 1 1 1 1 1 1 1 1 1 1 1 1 1 1 1 1 1 1 1 1 1 1 1 1 1 1 1 1 1 1 1 1 1 1 1 1 1 1 1 1 1 1 1 1 1 1 1 1 1 1 1 1 1 1 1 1 1 1 1 1 1 1 1 1 1 1 1 1 1 1 1 1 1 1 1 1 1 1 1 1 1 1 1 1 
#Switch 2: 0 0 0 0 0 0 0 0 0 0 0 0 0 0 0 0 0 0 0 0 0 0 0 0 0 0 0 0 0 0 0 0 0 0 0 0 0 0 0 0 0 0 0 0 0 0 0 0 0 0 0 0 0 0 0 0 0 0 0 0 0 0 0 0 0 0 0 0 0 0 0 0 0 0 0 0 0 0 0 0 0 0 0 0 0 0 0 0 0 0 0 0 0 0 0 0 0 0 0 0 0 0 0 0 0 0 0 0 0 0 0 0 0 0 0 0 0 0 0 0 0 0 0 0 0 0 0 0 1 1 1 1 1 1 1 1 1 1 1 1 1 1 1 1 1 1 1 1 1 1 1 1 1 1 1 1 1 1 1 1 1 1 1 1 1 1 1 1 1 1 1 1 1 1 1 1 1 1 1 1 1 1 1 1 1 1 1 1 1 1 1 1 1 1 1 1 1 1 1 1 1 1 1 1 1 1 1 1 1 1 1 1 1 1 1 1 1 1 1 1 1 1 1 1 1 1 1 1 1 1 1 1 1 1 1 1 1 1 1 1 1 1 1 1 1 1 1 1 1 1 1 1 1 1 1 1 0 0 0 0 0 0 0 0 0 0 0 0 0 0 0 0 0 0 0 0 0 0 0 0 0 0 0 0 0 0 0 0 0 0 0 0 0 0 0 0 0 0 0 0 0 0 0 0 0 0 0 0 0 0 0 0 0 0 0 0 0 0 0 0 0 0 0 0 0 0 0 0 0 0 0 0 0 0 0 0 0 0 0 0 0 0 0 0 0 0 0 0 0 0 0 0 0 0 0 0 0 0 0 0 0 0 0 0 0 0 0 0 0 0 0 0 0 0 0 0 0 0 0 0 0 0 0 0 1 1 1 1 1 1 1 1 1 1 1 1 1 1 1 1 1 1 1 1 1 1 1 1 1 1 1 1 1 1 1 1 1 1 1 1 1 1 1 1 1 1 1 1 1 1 1 1 1 1 1 1 1 1 1 1 1 1 1 1 1 1 1 1 1 1 1 1 1 1 1 1 1 1 1 1 1 1 1 1 1 1 1 1 1 1 1 1 1 1 1 1 1 1 1 1 1 1 1 1 1 1 1 1 1 1 1 1 1 1 1 1 1 1 1 1 1 1 1 1 1 1 1 1 1 1 1 1 
#Switch 3: 0 0 0 0 0 0 0 0 0 0 0 0 0 0 0 0 0 0 0 0 0 0 0 0 0 0 0 0 0 0 0 0 0 0 0 0 0 0 0 0 0 0 0 0 0 0 0 0 0 0 0 0 0 0 0 0 0 0 0 0 0 0 0 0 0 0 0 0 0 0 0 0 0 0 0 0 0 0 0 0 0 0 0 0 0 0 0 0 0 0 0 0 0 0 0 0 0 0 0 0 0 0 0 0 0 0 0 0 0 0 0 0 0 0 0 0 0 0 0 0 0 0 0 0 0 0 0 0 1 1 1 1 1 1 1 1 1 1 1 1 1 1 1 1 1 1 1 1 1 1 1 1 1 1 1 1 1 1 1 1 1 1 1 1 1 1 1 1 1 1 1 1 1 1 1 1 1 1 1 1 1 1 1 1 1 1 1 1 1 1 1 1 1 1 1 1 1 1 1 1 1 1 1 1 1 1 1 1 1 1 1 1 1 1 1 1 1 1 1 1 1 1 1 1 1 1 1 1 1 1 1 1 1 1 1 1 1 1 1 1 1 1 1 1 1 1 1 1 1 1 1 1 1 1 1 1 0 0 0 0 0 0 0 0 0 0 0 0 0 0 0 0 0 0 0 0 0 0 0 0 0 0 0 0 0 0 0 0 0 0 0 0 0 0 0 0 0 0 0 0 0 0 0 0 0 0 0 0 0 0 0 0 0 0 0 0 0 0 0 0 0 0 0 0 0 0 0 0 0 0 0 0 0 0 0 0 0 0 0 0 0 0 0 0 0 0 0 0 0 0 0 0 0 0 0 0 0 0 0 0 0 0 0 0 0 0 0 0 0 0 0 0 0 0 0 0 0 0 0 0 0 0 0 0 1 1 1 1 1 1 1 1 1 1 1 1 1 1 1 1 1 1 1 1 1 1 1 1 1 1 1 1 1 1 1 1 1 1 1 1 1 1 1 1 1 1 1 1 1 1 1 1 1 1 1 1 1 1 1 1 1 1 1 1 1 1 1 1 1 1 1 1 1 1 1 1 1 1 1 1 1 1 1 1 1 1 1 1 1 1 1 1 1 1 1 1 1 1 1 1 1 1 1 1 1 1 1 1 1 1 1 1 1 1 1 1 1 1 1 1 1 1 1 1 1 1 1 1 1 1 1 1 
#Stage 2:
#Switch 0: 0 0 0 0 0 0 0 0 0 0 0 0 0 0 0 0 0 0 0 0 0 0 0 0 0 0 0 0 0 0 0 0 0 0 0 0 0 0 0 0 0 0 0 0 0 0 0 0 0 0 0 0 0 0 0 0 0 0 0 0 0 0 0 0 1 1 1 1 1 1 1 1 1 1 1 1 1 1 1 1 1 1 1 1 1 1 1 1 1 1 1 1 1 1 1 1 1 1 1 1 1 1 1 1 1 1 1 1 1 1 1 1 1 1 1 1 1 1 1 1 1 1 1 1 1 1 1 1 0 0 0 0 0 0 0 0 0 0 0 0 0 0 0 0 0 0 0 0 0 0 0 0 0 0 0 0 0 0 0 0 0 0 0 0 0 0 0 0 0 0 0 0 0 0 0 0 0 0 0 0 0 0 0 0 0 0 0 0 0 0 0 0 1 1 1 1 1 1 1 1 1 1 1 1 1 1 1 1 1 1 1 1 1 1 1 1 1 1 1 1 1 1 1 1 1 1 1 1 1 1 1 1 1 1 1 1 1 1 1 1 1 1 1 1 1 1 1 1 1 1 1 1 1 1 1 1 0 0 0 0 0 0 0 0 0 0 0 0 0 0 0 0 0 0 0 0 0 0 0 0 0 0 0 0 0 0 0 0 0 0 0 0 0 0 0 0 0 0 0 0 0 0 0 0 0 0 0 0 0 0 0 0 0 0 0 0 0 0 0 0 1 1 1 1 1 1 1 1 1 1 1 1 1 1 1 1 1 1 1 1 1 1 1 1 1 1 1 1 1 1 1 1 1 1 1 1 1 1 1 1 1 1 1 1 1 1 1 1 1 1 1 1 1 1 1 1 1 1 1 1 1 1 1 1 0 0 0 0 0 0 0 0 0 0 0 0 0 0 0 0 0 0 0 0 0 0 0 0 0 0 0 0 0 0 0 0 0 0 0 0 0 0 0 0 0 0 0 0 0 0 0 0 0 0 0 0 0 0 0 0 0 0 0 0 0 0 0 0 1 1 1 1 1 1 1 1 1 1 1 1 1 1 1 1 1 1 1 1 1 1 1 1 1 1 1 1 1 1 1 1 1 1 1 1 1 1 1 1 1 1 1 1 1 1 1 1 1 1 1 1 1 1 1 1 1 1 1 1 1 1 1 1 
#Switch 1: 0 0 0 0 0 0 0 0 0 0 0 0 0 0 0 0 0 0 0 0 0 0 0 0 0 0 0 0 0 0 0 0 0 0 0 0 0 0 0 0 0 0 0 0 0 0 0 0 0 0 0 0 0 0 0 0 0 0 0 0 0 0 0 0 1 1 1 1 1 1 1 1 1 1 1 1 1 1 1 1 1 1 1 1 1 1 1 1 1 1 1 1 1 1 1 1 1 1 1 1 1 1 1 1 1 1 1 1 1 1 1 1 1 1 1 1 1 1 1 1 1 1 1 1 1 1 1 1 0 0 0 0 0 0 0 0 0 0 0 0 0 0 0 0 0 0 0 0 0 0 0 0 0 0 0 0 0 0 0 0 0 0 0 0 0 0 0 0 0 0 0 0 0 0 0 0 0 0 0 0 0 0 0 0 0 0 0 0 0 0 0 0 1 1 1 1 1 1 1 1 1 1 1 1 1 1 1 1 1 1 1 1 1 1 1 1 1 1 1 1 1 1 1 1 1 1 1 1 1 1 1 1 1 1 1 1 1 1 1 1 1 1 1 1 1 1 1 1 1 1 1 1 1 1 1 1 0 0 0 0 0 0 0 0 0 0 0 0 0 0 0 0 0 0 0 0 0 0 0 0 0 0 0 0 0 0 0 0 0 0 0 0 0 0 0 0 0 0 0 0 0 0 0 0 0 0 0 0 0 0 0 0 0 0 0 0 0 0 0 0 1 1 1 1 1 1 1 1 1 1 1 1 1 1 1 1 1 1 1 1 1 1 1 1 1 1 1 1 1 1 1 1 1 1 1 1 1 1 1 1 1 1 1 1 1 1 1 1 1 1 1 1 1 1 1 1 1 1 1 1 1 1 1 1 0 0 0 0 0 0 0 0 0 0 0 0 0 0 0 0 0 0 0 0 0 0 0 0 0 0 0 0 0 0 0 0 0 0 0 0 0 0 0 0 0 0 0 0 0 0 0 0 0 0 0 0 0 0 0 0 0 0 0 0 0 0 0 0 1 1 1 1 1 1 1 1 1 1 1 1 1 1 1 1 1 1 1 1 1 1 1 1 1 1 1 1 1 1 1 1 1 1 1 1 1 1 1 1 1 1 1 1 1 1 1 1 1 1 1 1 1 1 1 1 1 1 1 1 1 1 1 1 
#Switch 2: 0 0 0 0 0 0 0 0 0 0 0 0 0 0 0 0 0 0 0 0 0 0 0 0 0 0 0 0 0 0 0 0 0 0 0 0 0 0 0 0 0 0 0 0 0 0 0 0 0 0 0 0 0 0 0 0 0 0 0 0 0 0 0 0 1 1 1 1 1 1 1 1 1 1 1 1 1 1 1 1 1 1 1 1 1 1 1 1 1 1 1 1 1 1 1 1 1 1 1 1 1 1 1 1 1 1 1 1 1 1 1 1 1 1 1 1 1 1 1 1 1 1 1 1 1 1 1 1 0 0 0 0 0 0 0 0 0 0 0 0 0 0 0 0 0 0 0 0 0 0 0 0 0 0 0 0 0 0 0 0 0 0 0 0 0 0 0 0 0 0 0 0 0 0 0 0 0 0 0 0 0 0 0 0 0 0 0 0 0 0 0 0 1 1 1 1 1 1 1 1 1 1 1 1 1 1 1 1 1 1 1 1 1 1 1 1 1 1 1 1 1 1 1 1 1 1 1 1 1 1 1 1 1 1 1 1 1 1 1 1 1 1 1 1 1 1 1 1 1 1 1 1 1 1 1 1 0 0 0 0 0 0 0 0 0 0 0 0 0 0 0 0 0 0 0 0 0 0 0 0 0 0 0 0 0 0 0 0 0 0 0 0 0 0 0 0 0 0 0 0 0 0 0 0 0 0 0 0 0 0 0 0 0 0 0 0 0 0 0 0 1 1 1 1 1 1 1 1 1 1 1 1 1 1 1 1 1 1 1 1 1 1 1 1 1 1 1 1 1 1 1 1 1 1 1 1 1 1 1 1 1 1 1 1 1 1 1 1 1 1 1 1 1 1 1 1 1 1 1 1 1 1 1 1 0 0 0 0 0 0 0 0 0 0 0 0 0 0 0 0 0 0 0 0 0 0 0 0 0 0 0 0 0 0 0 0 0 0 0 0 0 0 0 0 0 0 0 0 0 0 0 0 0 0 0 0 0 0 0 0 0 0 0 0 0 0 0 0 1 1 1 1 1 1 1 1 1 1 1 1 1 1 1 1 1 1 1 1 1 1 1 1 1 1 1 1 1 1 1 1 1 1 1 1 1 1 1 1 1 1 1 1 1 1 1 1 1 1 1 1 1 1 1 1 1 1 1 1 1 1 1 1 
#Switch 3: 0 0 0 0 0 0 0 0 0 0 0 0 0 0 0 0 0 0 0 0 0 0 0 0 0 0 0 0 0 0 0 0 0 0 0 0 0 0 0 0 0 0 0 0 0 0 0 0 0 0 0 0 0 0 0 0 0 0 0 0 0 0 0 0 1 1 1 1 1 1 1 1 1 1 1 1 1 1 1 1 1 1 1 1 1 1 1 1 1 1 1 1 1 1 1 1 1 1 1 1 1 1 1 1 1 1 1 1 1 1 1 1 1 1 1 1 1 1 1 1 1 1 1 1 1 1 1 1 0 0 0 0 0 0 0 0 0 0 0 0 0 0 0 0 0 0 0 0 0 0 0 0 0 0 0 0 0 0 0 0 0 0 0 0 0 0 0 0 0 0 0 0 0 0 0 0 0 0 0 0 0 0 0 0 0 0 0 0 0 0 0 0 1 1 1 1 1 1 1 1 1 1 1 1 1 1 1 1 1 1 1 1 1 1 1 1 1 1 1 1 1 1 1 1 1 1 1 1 1 1 1 1 1 1 1 1 1 1 1 1 1 1 1 1 1 1 1 1 1 1 1 1 1 1 1 1 0 0 0 0 0 0 0 0 0 0 0 0 0 0 0 0 0 0 0 0 0 0 0 0 0 0 0 0 0 0 0 0 0 0 0 0 0 0 0 0 0 0 0 0 0 0 0 0 0 0 0 0 0 0 0 0 0 0 0 0 0 0 0 0 1 1 1 1 1 1 1 1 1 1 1 1 1 1 1 1 1 1 1 1 1 1 1 1 1 1 1 1 1 1 1 1 1 1 1 1 1 1 1 1 1 1 1 1 1 1 1 1 1 1 1 1 1 1 1 1 1 1 1 1 1 1 1 1 0 0 0 0 0 0 0 0 0 0 0 0 0 0 0 0 0 0 0 0 0 0 0 0 0 0 0 0 0 0 0 0 0 0 0 0 0 0 0 0 0 0 0 0 0 0 0 0 0 0 0 0 0 0 0 0 0 0 0 0 0 0 0 0 1 1 1 1 1 1 1 1 1 1 1 1 1 1 1 1 1 1 1 1 1 1 1 1 1 1 1 1 1 1 1 1 1 1 1 1 1 1 1 1 1 1 1 1 1 1 1 1 1 1 1 1 1 1 1 1 1 1 1 1 1 1 1 1 
#Memory addresses: 
#Memory block 0: 
0 20 10 30 8 28 18 38 4 24 14 34 c 2c 1c 3c 2 22 12 32 a 2a 1a 3a 6 26 16 36 e 2e 1e 3e 1 21 11 31 9 29 19 39 5 25 15 35 d 2d 1d 3d 3 23 13 33 b 2b 1b 3b 7 27 17 37 f 2f 1f 3f 40 60 50 70 48 68 58 78 44 64 54 74 4c 6c 5c 7c 42 62 52 72 4a 6a 5a 7a 46 66 56 76 4e 6e 5e 7e 41 61 51 71 49 69 59 79 45 65 55 75 4d 6d 5d 7d 43 63 53 73 4b 6b 5b 7b 47 67 57 77 4f 6f 5f 7f 80 a0 90 b0 88 a8 98 b8 84 a4 94 b4 8c ac 9c bc 82 a2 92 b2 8a aa 9a ba 86 a6 96 b6 8e ae 9e be 81 a1 91 b1 89 a9 99 b9 85 a5 95 b5 8d ad 9d bd 83 a3 93 b3 8b ab 9b bb 87 a7 97 b7 8f af 9f bf c0 e0 d0 f0 c8 e8 d8 f8 c4 e4 d4 f4 cc ec dc fc c2 e2 d2 f2 ca ea da fa c6 e6 d6 f6 ce ee de fe c1 e1 d1 f1 c9 e9 d9 f9 c5 e5 d5 f5 cd ed dd fd c3 e3 d3 f3 cb eb db fb c7 e7 d7 f7 cf ef df ff 100 120 110 130 108 128 118 138 104 124 114 134 10c 12c 11c 13c 102 122 112 132 10a 12a 11a 13a 106 126 116 136 10e 12e 11e 13e 101 121 111 131 109 129 119 139 105 125 115 135 10d 12d 11d 13d 103 123 113 133 10b 12b 11b 13b 107 127 117 137 10f 12f 11f 13f 140 160 150 170 148 168 158 178 144 164 154 174 14c 16c 15c 17c 142 162 152 172 14a 16a 15a 17a 146 166 156 176 14e 16e 15e 17e 141 161 151 171 149 169 159 179 145 165 155 175 14d 16d 15d 17d 143 163 153 173 14b 16b 15b 17b 147 167 157 177 14f 16f 15f 17f 180 1a0 190 1b0 188 1a8 198 1b8 184 1a4 194 1b4 18c 1ac 19c 1bc 182 1a2 192 1b2 18a 1aa 19a 1ba 186 1a6 196 1b6 18e 1ae 19e 1be 181 1a1 191 1b1 189 1a9 199 1b9 185 1a5 195 1b5 18d 1ad 19d 1bd 183 1a3 193 1b3 18b 1ab 19b 1bb 187 1a7 197 1b7 18f 1af 19f 1bf 1c0 1e0 1d0 1f0 1c8 1e8 1d8 1f8 1c4 1e4 1d4 1f4 1cc 1ec 1dc 1fc 1c2 1e2 1d2 1f2 1ca 1ea 1da 1fa 1c6 1e6 1d6 1f6 1ce 1ee 1de 1fe 1c1 1e1 1d1 1f1 1c9 1e9 1d9 1f9 1c5 1e5 1d5 1f5 1cd 1ed 1dd 1fd 1c3 1e3 1d3 1f3 1cb 1eb 1db 1fb 1c7 1e7 1d7 1f7 1cf 1ef 1df 1ff 
#Memory block 1: 
40 60 50 70 48 68 58 78 44 64 54 74 4c 6c 5c 7c 42 62 52 72 4a 6a 5a 7a 46 66 56 76 4e 6e 5e 7e 41 61 51 71 49 69 59 79 45 65 55 75 4d 6d 5d 7d 43 63 53 73 4b 6b 5b 7b 47 67 57 77 4f 6f 5f 7f 0 20 10 30 8 28 18 38 4 24 14 34 c 2c 1c 3c 2 22 12 32 a 2a 1a 3a 6 26 16 36 e 2e 1e 3e 1 21 11 31 9 29 19 39 5 25 15 35 d 2d 1d 3d 3 23 13 33 b 2b 1b 3b 7 27 17 37 f 2f 1f 3f c0 e0 d0 f0 c8 e8 d8 f8 c4 e4 d4 f4 cc ec dc fc c2 e2 d2 f2 ca ea da fa c6 e6 d6 f6 ce ee de fe c1 e1 d1 f1 c9 e9 d9 f9 c5 e5 d5 f5 cd ed dd fd c3 e3 d3 f3 cb eb db fb c7 e7 d7 f7 cf ef df ff 80 a0 90 b0 88 a8 98 b8 84 a4 94 b4 8c ac 9c bc 82 a2 92 b2 8a aa 9a ba 86 a6 96 b6 8e ae 9e be 81 a1 91 b1 89 a9 99 b9 85 a5 95 b5 8d ad 9d bd 83 a3 93 b3 8b ab 9b bb 87 a7 97 b7 8f af 9f bf 140 160 150 170 148 168 158 178 144 164 154 174 14c 16c 15c 17c 142 162 152 172 14a 16a 15a 17a 146 166 156 176 14e 16e 15e 17e 141 161 151 171 149 169 159 179 145 165 155 175 14d 16d 15d 17d 143 163 153 173 14b 16b 15b 17b 147 167 157 177 14f 16f 15f 17f 100 120 110 130 108 128 118 138 104 124 114 134 10c 12c 11c 13c 102 122 112 132 10a 12a 11a 13a 106 126 116 136 10e 12e 11e 13e 101 121 111 131 109 129 119 139 105 125 115 135 10d 12d 11d 13d 103 123 113 133 10b 12b 11b 13b 107 127 117 137 10f 12f 11f 13f 1c0 1e0 1d0 1f0 1c8 1e8 1d8 1f8 1c4 1e4 1d4 1f4 1cc 1ec 1dc 1fc 1c2 1e2 1d2 1f2 1ca 1ea 1da 1fa 1c6 1e6 1d6 1f6 1ce 1ee 1de 1fe 1c1 1e1 1d1 1f1 1c9 1e9 1d9 1f9 1c5 1e5 1d5 1f5 1cd 1ed 1dd 1fd 1c3 1e3 1d3 1f3 1cb 1eb 1db 1fb 1c7 1e7 1d7 1f7 1cf 1ef 1df 1ff 180 1a0 190 1b0 188 1a8 198 1b8 184 1a4 194 1b4 18c 1ac 19c 1bc 182 1a2 192 1b2 18a 1aa 19a 1ba 186 1a6 196 1b6 18e 1ae 19e 1be 181 1a1 191 1b1 189 1a9 199 1b9 185 1a5 195 1b5 18d 1ad 19d 1bd 183 1a3 193 1b3 18b 1ab 19b 1bb 187 1a7 197 1b7 18f 1af 19f 1bf 
#Memory block 2: 
80 a0 90 b0 88 a8 98 b8 84 a4 94 b4 8c ac 9c bc 82 a2 92 b2 8a aa 9a ba 86 a6 96 b6 8e ae 9e be 81 a1 91 b1 89 a9 99 b9 85 a5 95 b5 8d ad 9d bd 83 a3 93 b3 8b ab 9b bb 87 a7 97 b7 8f af 9f bf c0 e0 d0 f0 c8 e8 d8 f8 c4 e4 d4 f4 cc ec dc fc c2 e2 d2 f2 ca ea da fa c6 e6 d6 f6 ce ee de fe c1 e1 d1 f1 c9 e9 d9 f9 c5 e5 d5 f5 cd ed dd fd c3 e3 d3 f3 cb eb db fb c7 e7 d7 f7 cf ef df ff 0 20 10 30 8 28 18 38 4 24 14 34 c 2c 1c 3c 2 22 12 32 a 2a 1a 3a 6 26 16 36 e 2e 1e 3e 1 21 11 31 9 29 19 39 5 25 15 35 d 2d 1d 3d 3 23 13 33 b 2b 1b 3b 7 27 17 37 f 2f 1f 3f 40 60 50 70 48 68 58 78 44 64 54 74 4c 6c 5c 7c 42 62 52 72 4a 6a 5a 7a 46 66 56 76 4e 6e 5e 7e 41 61 51 71 49 69 59 79 45 65 55 75 4d 6d 5d 7d 43 63 53 73 4b 6b 5b 7b 47 67 57 77 4f 6f 5f 7f 180 1a0 190 1b0 188 1a8 198 1b8 184 1a4 194 1b4 18c 1ac 19c 1bc 182 1a2 192 1b2 18a 1aa 19a 1ba 186 1a6 196 1b6 18e 1ae 19e 1be 181 1a1 191 1b1 189 1a9 199 1b9 185 1a5 195 1b5 18d 1ad 19d 1bd 183 1a3 193 1b3 18b 1ab 19b 1bb 187 1a7 197 1b7 18f 1af 19f 1bf 1c0 1e0 1d0 1f0 1c8 1e8 1d8 1f8 1c4 1e4 1d4 1f4 1cc 1ec 1dc 1fc 1c2 1e2 1d2 1f2 1ca 1ea 1da 1fa 1c6 1e6 1d6 1f6 1ce 1ee 1de 1fe 1c1 1e1 1d1 1f1 1c9 1e9 1d9 1f9 1c5 1e5 1d5 1f5 1cd 1ed 1dd 1fd 1c3 1e3 1d3 1f3 1cb 1eb 1db 1fb 1c7 1e7 1d7 1f7 1cf 1ef 1df 1ff 100 120 110 130 108 128 118 138 104 124 114 134 10c 12c 11c 13c 102 122 112 132 10a 12a 11a 13a 106 126 116 136 10e 12e 11e 13e 101 121 111 131 109 129 119 139 105 125 115 135 10d 12d 11d 13d 103 123 113 133 10b 12b 11b 13b 107 127 117 137 10f 12f 11f 13f 140 160 150 170 148 168 158 178 144 164 154 174 14c 16c 15c 17c 142 162 152 172 14a 16a 15a 17a 146 166 156 176 14e 16e 15e 17e 141 161 151 171 149 169 159 179 145 165 155 175 14d 16d 15d 17d 143 163 153 173 14b 16b 15b 17b 147 167 157 177 14f 16f 15f 17f 
#Memory block 3: 
c0 e0 d0 f0 c8 e8 d8 f8 c4 e4 d4 f4 cc ec dc fc c2 e2 d2 f2 ca ea da fa c6 e6 d6 f6 ce ee de fe c1 e1 d1 f1 c9 e9 d9 f9 c5 e5 d5 f5 cd ed dd fd c3 e3 d3 f3 cb eb db fb c7 e7 d7 f7 cf ef df ff 80 a0 90 b0 88 a8 98 b8 84 a4 94 b4 8c ac 9c bc 82 a2 92 b2 8a aa 9a ba 86 a6 96 b6 8e ae 9e be 81 a1 91 b1 89 a9 99 b9 85 a5 95 b5 8d ad 9d bd 83 a3 93 b3 8b ab 9b bb 87 a7 97 b7 8f af 9f bf 40 60 50 70 48 68 58 78 44 64 54 74 4c 6c 5c 7c 42 62 52 72 4a 6a 5a 7a 46 66 56 76 4e 6e 5e 7e 41 61 51 71 49 69 59 79 45 65 55 75 4d 6d 5d 7d 43 63 53 73 4b 6b 5b 7b 47 67 57 77 4f 6f 5f 7f 0 20 10 30 8 28 18 38 4 24 14 34 c 2c 1c 3c 2 22 12 32 a 2a 1a 3a 6 26 16 36 e 2e 1e 3e 1 21 11 31 9 29 19 39 5 25 15 35 d 2d 1d 3d 3 23 13 33 b 2b 1b 3b 7 27 17 37 f 2f 1f 3f 1c0 1e0 1d0 1f0 1c8 1e8 1d8 1f8 1c4 1e4 1d4 1f4 1cc 1ec 1dc 1fc 1c2 1e2 1d2 1f2 1ca 1ea 1da 1fa 1c6 1e6 1d6 1f6 1ce 1ee 1de 1fe 1c1 1e1 1d1 1f1 1c9 1e9 1d9 1f9 1c5 1e5 1d5 1f5 1cd 1ed 1dd 1fd 1c3 1e3 1d3 1f3 1cb 1eb 1db 1fb 1c7 1e7 1d7 1f7 1cf 1ef 1df 1ff 180 1a0 190 1b0 188 1a8 198 1b8 184 1a4 194 1b4 18c 1ac 19c 1bc 182 1a2 192 1b2 18a 1aa 19a 1ba 186 1a6 196 1b6 18e 1ae 19e 1be 181 1a1 191 1b1 189 1a9 199 1b9 185 1a5 195 1b5 18d 1ad 19d 1bd 183 1a3 193 1b3 18b 1ab 19b 1bb 187 1a7 197 1b7 18f 1af 19f 1bf 140 160 150 170 148 168 158 178 144 164 154 174 14c 16c 15c 17c 142 162 152 172 14a 16a 15a 17a 146 166 156 176 14e 16e 15e 17e 141 161 151 171 149 169 159 179 145 165 155 175 14d 16d 15d 17d 143 163 153 173 14b 16b 15b 17b 147 167 157 177 14f 16f 15f 17f 100 120 110 130 108 128 118 138 104 124 114 134 10c 12c 11c 13c 102 122 112 132 10a 12a 11a 13a 106 126 116 136 10e 12e 11e 13e 101 121 111 131 109 129 119 139 105 125 115 135 10d 12d 11d 13d 103 123 113 133 10b 12b 11b 13b 107 127 117 137 10f 12f 11f 13f 
#Memory block 4: 
100 120 110 130 108 128 118 138 104 124 114 134 10c 12c 11c 13c 102 122 112 132 10a 12a 11a 13a 106 126 116 136 10e 12e 11e 13e 101 121 111 131 109 129 119 139 105 125 115 135 10d 12d 11d 13d 103 123 113 133 10b 12b 11b 13b 107 127 117 137 10f 12f 11f 13f 140 160 150 170 148 168 158 178 144 164 154 174 14c 16c 15c 17c 142 162 152 172 14a 16a 15a 17a 146 166 156 176 14e 16e 15e 17e 141 161 151 171 149 169 159 179 145 165 155 175 14d 16d 15d 17d 143 163 153 173 14b 16b 15b 17b 147 167 157 177 14f 16f 15f 17f 180 1a0 190 1b0 188 1a8 198 1b8 184 1a4 194 1b4 18c 1ac 19c 1bc 182 1a2 192 1b2 18a 1aa 19a 1ba 186 1a6 196 1b6 18e 1ae 19e 1be 181 1a1 191 1b1 189 1a9 199 1b9 185 1a5 195 1b5 18d 1ad 19d 1bd 183 1a3 193 1b3 18b 1ab 19b 1bb 187 1a7 197 1b7 18f 1af 19f 1bf 1c0 1e0 1d0 1f0 1c8 1e8 1d8 1f8 1c4 1e4 1d4 1f4 1cc 1ec 1dc 1fc 1c2 1e2 1d2 1f2 1ca 1ea 1da 1fa 1c6 1e6 1d6 1f6 1ce 1ee 1de 1fe 1c1 1e1 1d1 1f1 1c9 1e9 1d9 1f9 1c5 1e5 1d5 1f5 1cd 1ed 1dd 1fd 1c3 1e3 1d3 1f3 1cb 1eb 1db 1fb 1c7 1e7 1d7 1f7 1cf 1ef 1df 1ff 0 20 10 30 8 28 18 38 4 24 14 34 c 2c 1c 3c 2 22 12 32 a 2a 1a 3a 6 26 16 36 e 2e 1e 3e 1 21 11 31 9 29 19 39 5 25 15 35 d 2d 1d 3d 3 23 13 33 b 2b 1b 3b 7 27 17 37 f 2f 1f 3f 40 60 50 70 48 68 58 78 44 64 54 74 4c 6c 5c 7c 42 62 52 72 4a 6a 5a 7a 46 66 56 76 4e 6e 5e 7e 41 61 51 71 49 69 59 79 45 65 55 75 4d 6d 5d 7d 43 63 53 73 4b 6b 5b 7b 47 67 57 77 4f 6f 5f 7f 80 a0 90 b0 88 a8 98 b8 84 a4 94 b4 8c ac 9c bc 82 a2 92 b2 8a aa 9a ba 86 a6 96 b6 8e ae 9e be 81 a1 91 b1 89 a9 99 b9 85 a5 95 b5 8d ad 9d bd 83 a3 93 b3 8b ab 9b bb 87 a7 97 b7 8f af 9f bf c0 e0 d0 f0 c8 e8 d8 f8 c4 e4 d4 f4 cc ec dc fc c2 e2 d2 f2 ca ea da fa c6 e6 d6 f6 ce ee de fe c1 e1 d1 f1 c9 e9 d9 f9 c5 e5 d5 f5 cd ed dd fd c3 e3 d3 f3 cb eb db fb c7 e7 d7 f7 cf ef df ff 
#Memory block 5: 
140 160 150 170 148 168 158 178 144 164 154 174 14c 16c 15c 17c 142 162 152 172 14a 16a 15a 17a 146 166 156 176 14e 16e 15e 17e 141 161 151 171 149 169 159 179 145 165 155 175 14d 16d 15d 17d 143 163 153 173 14b 16b 15b 17b 147 167 157 177 14f 16f 15f 17f 100 120 110 130 108 128 118 138 104 124 114 134 10c 12c 11c 13c 102 122 112 132 10a 12a 11a 13a 106 126 116 136 10e 12e 11e 13e 101 121 111 131 109 129 119 139 105 125 115 135 10d 12d 11d 13d 103 123 113 133 10b 12b 11b 13b 107 127 117 137 10f 12f 11f 13f 1c0 1e0 1d0 1f0 1c8 1e8 1d8 1f8 1c4 1e4 1d4 1f4 1cc 1ec 1dc 1fc 1c2 1e2 1d2 1f2 1ca 1ea 1da 1fa 1c6 1e6 1d6 1f6 1ce 1ee 1de 1fe 1c1 1e1 1d1 1f1 1c9 1e9 1d9 1f9 1c5 1e5 1d5 1f5 1cd 1ed 1dd 1fd 1c3 1e3 1d3 1f3 1cb 1eb 1db 1fb 1c7 1e7 1d7 1f7 1cf 1ef 1df 1ff 180 1a0 190 1b0 188 1a8 198 1b8 184 1a4 194 1b4 18c 1ac 19c 1bc 182 1a2 192 1b2 18a 1aa 19a 1ba 186 1a6 196 1b6 18e 1ae 19e 1be 181 1a1 191 1b1 189 1a9 199 1b9 185 1a5 195 1b5 18d 1ad 19d 1bd 183 1a3 193 1b3 18b 1ab 19b 1bb 187 1a7 197 1b7 18f 1af 19f 1bf 40 60 50 70 48 68 58 78 44 64 54 74 4c 6c 5c 7c 42 62 52 72 4a 6a 5a 7a 46 66 56 76 4e 6e 5e 7e 41 61 51 71 49 69 59 79 45 65 55 75 4d 6d 5d 7d 43 63 53 73 4b 6b 5b 7b 47 67 57 77 4f 6f 5f 7f 0 20 10 30 8 28 18 38 4 24 14 34 c 2c 1c 3c 2 22 12 32 a 2a 1a 3a 6 26 16 36 e 2e 1e 3e 1 21 11 31 9 29 19 39 5 25 15 35 d 2d 1d 3d 3 23 13 33 b 2b 1b 3b 7 27 17 37 f 2f 1f 3f c0 e0 d0 f0 c8 e8 d8 f8 c4 e4 d4 f4 cc ec dc fc c2 e2 d2 f2 ca ea da fa c6 e6 d6 f6 ce ee de fe c1 e1 d1 f1 c9 e9 d9 f9 c5 e5 d5 f5 cd ed dd fd c3 e3 d3 f3 cb eb db fb c7 e7 d7 f7 cf ef df ff 80 a0 90 b0 88 a8 98 b8 84 a4 94 b4 8c ac 9c bc 82 a2 92 b2 8a aa 9a ba 86 a6 96 b6 8e ae 9e be 81 a1 91 b1 89 a9 99 b9 85 a5 95 b5 8d ad 9d bd 83 a3 93 b3 8b ab 9b bb 87 a7 97 b7 8f af 9f bf 
#Memory block 6: 
180 1a0 190 1b0 188 1a8 198 1b8 184 1a4 194 1b4 18c 1ac 19c 1bc 182 1a2 192 1b2 18a 1aa 19a 1ba 186 1a6 196 1b6 18e 1ae 19e 1be 181 1a1 191 1b1 189 1a9 199 1b9 185 1a5 195 1b5 18d 1ad 19d 1bd 183 1a3 193 1b3 18b 1ab 19b 1bb 187 1a7 197 1b7 18f 1af 19f 1bf 1c0 1e0 1d0 1f0 1c8 1e8 1d8 1f8 1c4 1e4 1d4 1f4 1cc 1ec 1dc 1fc 1c2 1e2 1d2 1f2 1ca 1ea 1da 1fa 1c6 1e6 1d6 1f6 1ce 1ee 1de 1fe 1c1 1e1 1d1 1f1 1c9 1e9 1d9 1f9 1c5 1e5 1d5 1f5 1cd 1ed 1dd 1fd 1c3 1e3 1d3 1f3 1cb 1eb 1db 1fb 1c7 1e7 1d7 1f7 1cf 1ef 1df 1ff 100 120 110 130 108 128 118 138 104 124 114 134 10c 12c 11c 13c 102 122 112 132 10a 12a 11a 13a 106 126 116 136 10e 12e 11e 13e 101 121 111 131 109 129 119 139 105 125 115 135 10d 12d 11d 13d 103 123 113 133 10b 12b 11b 13b 107 127 117 137 10f 12f 11f 13f 140 160 150 170 148 168 158 178 144 164 154 174 14c 16c 15c 17c 142 162 152 172 14a 16a 15a 17a 146 166 156 176 14e 16e 15e 17e 141 161 151 171 149 169 159 179 145 165 155 175 14d 16d 15d 17d 143 163 153 173 14b 16b 15b 17b 147 167 157 177 14f 16f 15f 17f 80 a0 90 b0 88 a8 98 b8 84 a4 94 b4 8c ac 9c bc 82 a2 92 b2 8a aa 9a ba 86 a6 96 b6 8e ae 9e be 81 a1 91 b1 89 a9 99 b9 85 a5 95 b5 8d ad 9d bd 83 a3 93 b3 8b ab 9b bb 87 a7 97 b7 8f af 9f bf c0 e0 d0 f0 c8 e8 d8 f8 c4 e4 d4 f4 cc ec dc fc c2 e2 d2 f2 ca ea da fa c6 e6 d6 f6 ce ee de fe c1 e1 d1 f1 c9 e9 d9 f9 c5 e5 d5 f5 cd ed dd fd c3 e3 d3 f3 cb eb db fb c7 e7 d7 f7 cf ef df ff 0 20 10 30 8 28 18 38 4 24 14 34 c 2c 1c 3c 2 22 12 32 a 2a 1a 3a 6 26 16 36 e 2e 1e 3e 1 21 11 31 9 29 19 39 5 25 15 35 d 2d 1d 3d 3 23 13 33 b 2b 1b 3b 7 27 17 37 f 2f 1f 3f 40 60 50 70 48 68 58 78 44 64 54 74 4c 6c 5c 7c 42 62 52 72 4a 6a 5a 7a 46 66 56 76 4e 6e 5e 7e 41 61 51 71 49 69 59 79 45 65 55 75 4d 6d 5d 7d 43 63 53 73 4b 6b 5b 7b 47 67 57 77 4f 6f 5f 7f 
#Memory block 7: 
1c0 1e0 1d0 1f0 1c8 1e8 1d8 1f8 1c4 1e4 1d4 1f4 1cc 1ec 1dc 1fc 1c2 1e2 1d2 1f2 1ca 1ea 1da 1fa 1c6 1e6 1d6 1f6 1ce 1ee 1de 1fe 1c1 1e1 1d1 1f1 1c9 1e9 1d9 1f9 1c5 1e5 1d5 1f5 1cd 1ed 1dd 1fd 1c3 1e3 1d3 1f3 1cb 1eb 1db 1fb 1c7 1e7 1d7 1f7 1cf 1ef 1df 1ff 180 1a0 190 1b0 188 1a8 198 1b8 184 1a4 194 1b4 18c 1ac 19c 1bc 182 1a2 192 1b2 18a 1aa 19a 1ba 186 1a6 196 1b6 18e 1ae 19e 1be 181 1a1 191 1b1 189 1a9 199 1b9 185 1a5 195 1b5 18d 1ad 19d 1bd 183 1a3 193 1b3 18b 1ab 19b 1bb 187 1a7 197 1b7 18f 1af 19f 1bf 140 160 150 170 148 168 158 178 144 164 154 174 14c 16c 15c 17c 142 162 152 172 14a 16a 15a 17a 146 166 156 176 14e 16e 15e 17e 141 161 151 171 149 169 159 179 145 165 155 175 14d 16d 15d 17d 143 163 153 173 14b 16b 15b 17b 147 167 157 177 14f 16f 15f 17f 100 120 110 130 108 128 118 138 104 124 114 134 10c 12c 11c 13c 102 122 112 132 10a 12a 11a 13a 106 126 116 136 10e 12e 11e 13e 101 121 111 131 109 129 119 139 105 125 115 135 10d 12d 11d 13d 103 123 113 133 10b 12b 11b 13b 107 127 117 137 10f 12f 11f 13f c0 e0 d0 f0 c8 e8 d8 f8 c4 e4 d4 f4 cc ec dc fc c2 e2 d2 f2 ca ea da fa c6 e6 d6 f6 ce ee de fe c1 e1 d1 f1 c9 e9 d9 f9 c5 e5 d5 f5 cd ed dd fd c3 e3 d3 f3 cb eb db fb c7 e7 d7 f7 cf ef df ff 80 a0 90 b0 88 a8 98 b8 84 a4 94 b4 8c ac 9c bc 82 a2 92 b2 8a aa 9a ba 86 a6 96 b6 8e ae 9e be 81 a1 91 b1 89 a9 99 b9 85 a5 95 b5 8d ad 9d bd 83 a3 93 b3 8b ab 9b bb 87 a7 97 b7 8f af 9f bf 40 60 50 70 48 68 58 78 44 64 54 74 4c 6c 5c 7c 42 62 52 72 4a 6a 5a 7a 46 66 56 76 4e 6e 5e 7e 41 61 51 71 49 69 59 79 45 65 55 75 4d 6d 5d 7d 43 63 53 73 4b 6b 5b 7b 47 67 57 77 4f 6f 5f 7f 0 20 10 30 8 28 18 38 4 24 14 34 c 2c 1c 3c 2 22 12 32 a 2a 1a 3a 6 26 16 36 e 2e 1e 3e 1 21 11 31 9 29 19 39 5 25 15 35 d 2d 1d 3d 3 23 13 33 b 2b 1b 3b 7 27 17 37 f 2f 1f 3f 
