#Input size: 1024
#Data parallelism: 2
#Stride: 0
#Switch ctrl in input stages:
#Stage 0:
#Switch 0: 0 0 0 0 0 0 0 0 0 0 0 0 0 0 0 0 0 0 0 0 0 0 0 0 0 0 0 0 0 0 0 0 0 0 0 0 0 0 0 0 0 0 0 0 0 0 0 0 0 0 0 0 0 0 0 0 0 0 0 0 0 0 0 0 0 0 0 0 0 0 0 0 0 0 0 0 0 0 0 0 0 0 0 0 0 0 0 0 0 0 0 0 0 0 0 0 0 0 0 0 0 0 0 0 0 0 0 0 0 0 0 0 0 0 0 0 0 0 0 0 0 0 0 0 0 0 0 0 0 0 0 0 0 0 0 0 0 0 0 0 0 0 0 0 0 0 0 0 0 0 0 0 0 0 0 0 0 0 0 0 0 0 0 0 0 0 0 0 0 0 0 0 0 0 0 0 0 0 0 0 0 0 0 0 0 0 0 0 0 0 0 0 0 0 0 0 0 0 0 0 0 0 0 0 0 0 0 0 0 0 0 0 0 0 0 0 0 0 0 0 0 0 0 0 0 0 0 0 0 0 0 0 0 0 0 0 0 0 0 0 0 0 0 0 0 0 0 0 0 0 0 0 0 0 0 0 1 1 1 1 1 1 1 1 1 1 1 1 1 1 1 1 1 1 1 1 1 1 1 1 1 1 1 1 1 1 1 1 1 1 1 1 1 1 1 1 1 1 1 1 1 1 1 1 1 1 1 1 1 1 1 1 1 1 1 1 1 1 1 1 1 1 1 1 1 1 1 1 1 1 1 1 1 1 1 1 1 1 1 1 1 1 1 1 1 1 1 1 1 1 1 1 1 1 1 1 1 1 1 1 1 1 1 1 1 1 1 1 1 1 1 1 1 1 1 1 1 1 1 1 1 1 1 1 1 1 1 1 1 1 1 1 1 1 1 1 1 1 1 1 1 1 1 1 1 1 1 1 1 1 1 1 1 1 1 1 1 1 1 1 1 1 1 1 1 1 1 1 1 1 1 1 1 1 1 1 1 1 1 1 1 1 1 1 1 1 1 1 1 1 1 1 1 1 1 1 1 1 1 1 1 1 1 1 1 1 1 1 1 1 1 1 1 1 1 1 1 1 1 1 1 1 1 1 1 1 1 1 1 1 1 1 1 1 1 1 1 1 1 1 1 1 1 1 1 1 1 1 1 1 1 1 
#Switch ctrl in output stages:
#Stage 0:
#Switch 0: 0 0 0 0 0 0 0 0 0 0 0 0 0 0 0 0 0 0 0 0 0 0 0 0 0 0 0 0 0 0 0 0 0 0 0 0 0 0 0 0 0 0 0 0 0 0 0 0 0 0 0 0 0 0 0 0 0 0 0 0 0 0 0 0 0 0 0 0 0 0 0 0 0 0 0 0 0 0 0 0 0 0 0 0 0 0 0 0 0 0 0 0 0 0 0 0 0 0 0 0 0 0 0 0 0 0 0 0 0 0 0 0 0 0 0 0 0 0 0 0 0 0 0 0 0 0 0 0 0 0 0 0 0 0 0 0 0 0 0 0 0 0 0 0 0 0 0 0 0 0 0 0 0 0 0 0 0 0 0 0 0 0 0 0 0 0 0 0 0 0 0 0 0 0 0 0 0 0 0 0 0 0 0 0 0 0 0 0 0 0 0 0 0 0 0 0 0 0 0 0 0 0 0 0 0 0 0 0 0 0 0 0 0 0 0 0 0 0 0 0 0 0 0 0 0 0 0 0 0 0 0 0 0 0 0 0 0 0 0 0 0 0 0 0 0 0 0 0 0 0 0 0 0 0 0 0 1 1 1 1 1 1 1 1 1 1 1 1 1 1 1 1 1 1 1 1 1 1 1 1 1 1 1 1 1 1 1 1 1 1 1 1 1 1 1 1 1 1 1 1 1 1 1 1 1 1 1 1 1 1 1 1 1 1 1 1 1 1 1 1 1 1 1 1 1 1 1 1 1 1 1 1 1 1 1 1 1 1 1 1 1 1 1 1 1 1 1 1 1 1 1 1 1 1 1 1 1 1 1 1 1 1 1 1 1 1 1 1 1 1 1 1 1 1 1 1 1 1 1 1 1 1 1 1 1 1 1 1 1 1 1 1 1 1 1 1 1 1 1 1 1 1 1 1 1 1 1 1 1 1 1 1 1 1 1 1 1 1 1 1 1 1 1 1 1 1 1 1 1 1 1 1 1 1 1 1 1 1 1 1 1 1 1 1 1 1 1 1 1 1 1 1 1 1 1 1 1 1 1 1 1 1 1 1 1 1 1 1 1 1 1 1 1 1 1 1 1 1 1 1 1 1 1 1 1 1 1 1 1 1 1 1 1 1 1 1 1 1 1 1 1 1 1 1 1 1 1 1 1 1 1 1 
#Memory addresses: 
#Memory block 0: 
0 80 40 c0 20 a0 60 e0 10 90 50 d0 30 b0 70 f0 8 88 48 c8 28 a8 68 e8 18 98 58 d8 38 b8 78 f8 4 84 44 c4 24 a4 64 e4 14 94 54 d4 34 b4 74 f4 c 8c 4c cc 2c ac 6c ec 1c 9c 5c dc 3c bc 7c fc 2 82 42 c2 22 a2 62 e2 12 92 52 d2 32 b2 72 f2 a 8a 4a ca 2a aa 6a ea 1a 9a 5a da 3a ba 7a fa 6 86 46 c6 26 a6 66 e6 16 96 56 d6 36 b6 76 f6 e 8e 4e ce 2e ae 6e ee 1e 9e 5e de 3e be 7e fe 1 81 41 c1 21 a1 61 e1 11 91 51 d1 31 b1 71 f1 9 89 49 c9 29 a9 69 e9 19 99 59 d9 39 b9 79 f9 5 85 45 c5 25 a5 65 e5 15 95 55 d5 35 b5 75 f5 d 8d 4d cd 2d ad 6d ed 1d 9d 5d dd 3d bd 7d fd 3 83 43 c3 23 a3 63 e3 13 93 53 d3 33 b3 73 f3 b 8b 4b cb 2b ab 6b eb 1b 9b 5b db 3b bb 7b fb 7 87 47 c7 27 a7 67 e7 17 97 57 d7 37 b7 77 f7 f 8f 4f cf 2f af 6f ef 1f 9f 5f df 3f bf 7f ff 100 180 140 1c0 120 1a0 160 1e0 110 190 150 1d0 130 1b0 170 1f0 108 188 148 1c8 128 1a8 168 1e8 118 198 158 1d8 138 1b8 178 1f8 104 184 144 1c4 124 1a4 164 1e4 114 194 154 1d4 134 1b4 174 1f4 10c 18c 14c 1cc 12c 1ac 16c 1ec 11c 19c 15c 1dc 13c 1bc 17c 1fc 102 182 142 1c2 122 1a2 162 1e2 112 192 152 1d2 132 1b2 172 1f2 10a 18a 14a 1ca 12a 1aa 16a 1ea 11a 19a 15a 1da 13a 1ba 17a 1fa 106 186 146 1c6 126 1a6 166 1e6 116 196 156 1d6 136 1b6 176 1f6 10e 18e 14e 1ce 12e 1ae 16e 1ee 11e 19e 15e 1de 13e 1be 17e 1fe 101 181 141 1c1 121 1a1 161 1e1 111 191 151 1d1 131 1b1 171 1f1 109 189 149 1c9 129 1a9 169 1e9 119 199 159 1d9 139 1b9 179 1f9 105 185 145 1c5 125 1a5 165 1e5 115 195 155 1d5 135 1b5 175 1f5 10d 18d 14d 1cd 12d 1ad 16d 1ed 11d 19d 15d 1dd 13d 1bd 17d 1fd 103 183 143 1c3 123 1a3 163 1e3 113 193 153 1d3 133 1b3 173 1f3 10b 18b 14b 1cb 12b 1ab 16b 1eb 11b 19b 15b 1db 13b 1bb 17b 1fb 107 187 147 1c7 127 1a7 167 1e7 117 197 157 1d7 137 1b7 177 1f7 10f 18f 14f 1cf 12f 1af 16f 1ef 11f 19f 15f 1df 13f 1bf 17f 1ff 
#Memory block 1: 
100 180 140 1c0 120 1a0 160 1e0 110 190 150 1d0 130 1b0 170 1f0 108 188 148 1c8 128 1a8 168 1e8 118 198 158 1d8 138 1b8 178 1f8 104 184 144 1c4 124 1a4 164 1e4 114 194 154 1d4 134 1b4 174 1f4 10c 18c 14c 1cc 12c 1ac 16c 1ec 11c 19c 15c 1dc 13c 1bc 17c 1fc 102 182 142 1c2 122 1a2 162 1e2 112 192 152 1d2 132 1b2 172 1f2 10a 18a 14a 1ca 12a 1aa 16a 1ea 11a 19a 15a 1da 13a 1ba 17a 1fa 106 186 146 1c6 126 1a6 166 1e6 116 196 156 1d6 136 1b6 176 1f6 10e 18e 14e 1ce 12e 1ae 16e 1ee 11e 19e 15e 1de 13e 1be 17e 1fe 101 181 141 1c1 121 1a1 161 1e1 111 191 151 1d1 131 1b1 171 1f1 109 189 149 1c9 129 1a9 169 1e9 119 199 159 1d9 139 1b9 179 1f9 105 185 145 1c5 125 1a5 165 1e5 115 195 155 1d5 135 1b5 175 1f5 10d 18d 14d 1cd 12d 1ad 16d 1ed 11d 19d 15d 1dd 13d 1bd 17d 1fd 103 183 143 1c3 123 1a3 163 1e3 113 193 153 1d3 133 1b3 173 1f3 10b 18b 14b 1cb 12b 1ab 16b 1eb 11b 19b 15b 1db 13b 1bb 17b 1fb 107 187 147 1c7 127 1a7 167 1e7 117 197 157 1d7 137 1b7 177 1f7 10f 18f 14f 1cf 12f 1af 16f 1ef 11f 19f 15f 1df 13f 1bf 17f 1ff 0 80 40 c0 20 a0 60 e0 10 90 50 d0 30 b0 70 f0 8 88 48 c8 28 a8 68 e8 18 98 58 d8 38 b8 78 f8 4 84 44 c4 24 a4 64 e4 14 94 54 d4 34 b4 74 f4 c 8c 4c cc 2c ac 6c ec 1c 9c 5c dc 3c bc 7c fc 2 82 42 c2 22 a2 62 e2 12 92 52 d2 32 b2 72 f2 a 8a 4a ca 2a aa 6a ea 1a 9a 5a da 3a ba 7a fa 6 86 46 c6 26 a6 66 e6 16 96 56 d6 36 b6 76 f6 e 8e 4e ce 2e ae 6e ee 1e 9e 5e de 3e be 7e fe 1 81 41 c1 21 a1 61 e1 11 91 51 d1 31 b1 71 f1 9 89 49 c9 29 a9 69 e9 19 99 59 d9 39 b9 79 f9 5 85 45 c5 25 a5 65 e5 15 95 55 d5 35 b5 75 f5 d 8d 4d cd 2d ad 6d ed 1d 9d 5d dd 3d bd 7d fd 3 83 43 c3 23 a3 63 e3 13 93 53 d3 33 b3 73 f3 b 8b 4b cb 2b ab 6b eb 1b 9b 5b db 3b bb 7b fb 7 87 47 c7 27 a7 67 e7 17 97 57 d7 37 b7 77 f7 f 8f 4f cf 2f af 6f ef 1f 9f 5f df 3f bf 7f ff 
