#Input size: 2048
#Data parallelism: 4
#Stride: 0
#Switch ctrl in input stages:
#Stage 0:
#Switch 0: 0 0 0 0 0 0 0 0 0 0 0 0 0 0 0 0 0 0 0 0 0 0 0 0 0 0 0 0 0 0 0 0 0 0 0 0 0 0 0 0 0 0 0 0 0 0 0 0 0 0 0 0 0 0 0 0 0 0 0 0 0 0 0 0 0 0 0 0 0 0 0 0 0 0 0 0 0 0 0 0 0 0 0 0 0 0 0 0 0 0 0 0 0 0 0 0 0 0 0 0 0 0 0 0 0 0 0 0 0 0 0 0 0 0 0 0 0 0 0 0 0 0 0 0 0 0 0 0 0 0 0 0 0 0 0 0 0 0 0 0 0 0 0 0 0 0 0 0 0 0 0 0 0 0 0 0 0 0 0 0 0 0 0 0 0 0 0 0 0 0 0 0 0 0 0 0 0 0 0 0 0 0 0 0 0 0 0 0 0 0 0 0 0 0 0 0 0 0 0 0 0 0 0 0 0 0 0 0 0 0 0 0 0 0 0 0 0 0 0 0 0 0 0 0 0 0 0 0 0 0 0 0 0 0 0 0 0 0 0 0 0 0 0 0 0 0 0 0 0 0 0 0 0 0 0 0 1 1 1 1 1 1 1 1 1 1 1 1 1 1 1 1 1 1 1 1 1 1 1 1 1 1 1 1 1 1 1 1 1 1 1 1 1 1 1 1 1 1 1 1 1 1 1 1 1 1 1 1 1 1 1 1 1 1 1 1 1 1 1 1 1 1 1 1 1 1 1 1 1 1 1 1 1 1 1 1 1 1 1 1 1 1 1 1 1 1 1 1 1 1 1 1 1 1 1 1 1 1 1 1 1 1 1 1 1 1 1 1 1 1 1 1 1 1 1 1 1 1 1 1 1 1 1 1 1 1 1 1 1 1 1 1 1 1 1 1 1 1 1 1 1 1 1 1 1 1 1 1 1 1 1 1 1 1 1 1 1 1 1 1 1 1 1 1 1 1 1 1 1 1 1 1 1 1 1 1 1 1 1 1 1 1 1 1 1 1 1 1 1 1 1 1 1 1 1 1 1 1 1 1 1 1 1 1 1 1 1 1 1 1 1 1 1 1 1 1 1 1 1 1 1 1 1 1 1 1 1 1 1 1 1 1 1 1 1 1 1 1 1 1 1 1 1 1 1 1 1 1 1 1 1 1 
#Switch 1: 0 0 0 0 0 0 0 0 0 0 0 0 0 0 0 0 0 0 0 0 0 0 0 0 0 0 0 0 0 0 0 0 0 0 0 0 0 0 0 0 0 0 0 0 0 0 0 0 0 0 0 0 0 0 0 0 0 0 0 0 0 0 0 0 0 0 0 0 0 0 0 0 0 0 0 0 0 0 0 0 0 0 0 0 0 0 0 0 0 0 0 0 0 0 0 0 0 0 0 0 0 0 0 0 0 0 0 0 0 0 0 0 0 0 0 0 0 0 0 0 0 0 0 0 0 0 0 0 0 0 0 0 0 0 0 0 0 0 0 0 0 0 0 0 0 0 0 0 0 0 0 0 0 0 0 0 0 0 0 0 0 0 0 0 0 0 0 0 0 0 0 0 0 0 0 0 0 0 0 0 0 0 0 0 0 0 0 0 0 0 0 0 0 0 0 0 0 0 0 0 0 0 0 0 0 0 0 0 0 0 0 0 0 0 0 0 0 0 0 0 0 0 0 0 0 0 0 0 0 0 0 0 0 0 0 0 0 0 0 0 0 0 0 0 0 0 0 0 0 0 0 0 0 0 0 0 1 1 1 1 1 1 1 1 1 1 1 1 1 1 1 1 1 1 1 1 1 1 1 1 1 1 1 1 1 1 1 1 1 1 1 1 1 1 1 1 1 1 1 1 1 1 1 1 1 1 1 1 1 1 1 1 1 1 1 1 1 1 1 1 1 1 1 1 1 1 1 1 1 1 1 1 1 1 1 1 1 1 1 1 1 1 1 1 1 1 1 1 1 1 1 1 1 1 1 1 1 1 1 1 1 1 1 1 1 1 1 1 1 1 1 1 1 1 1 1 1 1 1 1 1 1 1 1 1 1 1 1 1 1 1 1 1 1 1 1 1 1 1 1 1 1 1 1 1 1 1 1 1 1 1 1 1 1 1 1 1 1 1 1 1 1 1 1 1 1 1 1 1 1 1 1 1 1 1 1 1 1 1 1 1 1 1 1 1 1 1 1 1 1 1 1 1 1 1 1 1 1 1 1 1 1 1 1 1 1 1 1 1 1 1 1 1 1 1 1 1 1 1 1 1 1 1 1 1 1 1 1 1 1 1 1 1 1 1 1 1 1 1 1 1 1 1 1 1 1 1 1 1 1 1 1 
#Stage 1:
#Switch 0: 0 0 0 0 0 0 0 0 0 0 0 0 0 0 0 0 0 0 0 0 0 0 0 0 0 0 0 0 0 0 0 0 0 0 0 0 0 0 0 0 0 0 0 0 0 0 0 0 0 0 0 0 0 0 0 0 0 0 0 0 0 0 0 0 0 0 0 0 0 0 0 0 0 0 0 0 0 0 0 0 0 0 0 0 0 0 0 0 0 0 0 0 0 0 0 0 0 0 0 0 0 0 0 0 0 0 0 0 0 0 0 0 0 0 0 0 0 0 0 0 0 0 0 0 0 0 0 0 1 1 1 1 1 1 1 1 1 1 1 1 1 1 1 1 1 1 1 1 1 1 1 1 1 1 1 1 1 1 1 1 1 1 1 1 1 1 1 1 1 1 1 1 1 1 1 1 1 1 1 1 1 1 1 1 1 1 1 1 1 1 1 1 1 1 1 1 1 1 1 1 1 1 1 1 1 1 1 1 1 1 1 1 1 1 1 1 1 1 1 1 1 1 1 1 1 1 1 1 1 1 1 1 1 1 1 1 1 1 1 1 1 1 1 1 1 1 1 1 1 1 1 1 1 1 1 1 0 0 0 0 0 0 0 0 0 0 0 0 0 0 0 0 0 0 0 0 0 0 0 0 0 0 0 0 0 0 0 0 0 0 0 0 0 0 0 0 0 0 0 0 0 0 0 0 0 0 0 0 0 0 0 0 0 0 0 0 0 0 0 0 0 0 0 0 0 0 0 0 0 0 0 0 0 0 0 0 0 0 0 0 0 0 0 0 0 0 0 0 0 0 0 0 0 0 0 0 0 0 0 0 0 0 0 0 0 0 0 0 0 0 0 0 0 0 0 0 0 0 0 0 0 0 0 0 1 1 1 1 1 1 1 1 1 1 1 1 1 1 1 1 1 1 1 1 1 1 1 1 1 1 1 1 1 1 1 1 1 1 1 1 1 1 1 1 1 1 1 1 1 1 1 1 1 1 1 1 1 1 1 1 1 1 1 1 1 1 1 1 1 1 1 1 1 1 1 1 1 1 1 1 1 1 1 1 1 1 1 1 1 1 1 1 1 1 1 1 1 1 1 1 1 1 1 1 1 1 1 1 1 1 1 1 1 1 1 1 1 1 1 1 1 1 1 1 1 1 1 1 1 1 1 1 
#Switch 1: 0 0 0 0 0 0 0 0 0 0 0 0 0 0 0 0 0 0 0 0 0 0 0 0 0 0 0 0 0 0 0 0 0 0 0 0 0 0 0 0 0 0 0 0 0 0 0 0 0 0 0 0 0 0 0 0 0 0 0 0 0 0 0 0 0 0 0 0 0 0 0 0 0 0 0 0 0 0 0 0 0 0 0 0 0 0 0 0 0 0 0 0 0 0 0 0 0 0 0 0 0 0 0 0 0 0 0 0 0 0 0 0 0 0 0 0 0 0 0 0 0 0 0 0 0 0 0 0 1 1 1 1 1 1 1 1 1 1 1 1 1 1 1 1 1 1 1 1 1 1 1 1 1 1 1 1 1 1 1 1 1 1 1 1 1 1 1 1 1 1 1 1 1 1 1 1 1 1 1 1 1 1 1 1 1 1 1 1 1 1 1 1 1 1 1 1 1 1 1 1 1 1 1 1 1 1 1 1 1 1 1 1 1 1 1 1 1 1 1 1 1 1 1 1 1 1 1 1 1 1 1 1 1 1 1 1 1 1 1 1 1 1 1 1 1 1 1 1 1 1 1 1 1 1 1 1 0 0 0 0 0 0 0 0 0 0 0 0 0 0 0 0 0 0 0 0 0 0 0 0 0 0 0 0 0 0 0 0 0 0 0 0 0 0 0 0 0 0 0 0 0 0 0 0 0 0 0 0 0 0 0 0 0 0 0 0 0 0 0 0 0 0 0 0 0 0 0 0 0 0 0 0 0 0 0 0 0 0 0 0 0 0 0 0 0 0 0 0 0 0 0 0 0 0 0 0 0 0 0 0 0 0 0 0 0 0 0 0 0 0 0 0 0 0 0 0 0 0 0 0 0 0 0 0 1 1 1 1 1 1 1 1 1 1 1 1 1 1 1 1 1 1 1 1 1 1 1 1 1 1 1 1 1 1 1 1 1 1 1 1 1 1 1 1 1 1 1 1 1 1 1 1 1 1 1 1 1 1 1 1 1 1 1 1 1 1 1 1 1 1 1 1 1 1 1 1 1 1 1 1 1 1 1 1 1 1 1 1 1 1 1 1 1 1 1 1 1 1 1 1 1 1 1 1 1 1 1 1 1 1 1 1 1 1 1 1 1 1 1 1 1 1 1 1 1 1 1 1 1 1 1 1 
#Switch ctrl in output stages:
#Stage 0:
#Switch 0: 0 0 0 0 0 0 0 0 0 0 0 0 0 0 0 0 0 0 0 0 0 0 0 0 0 0 0 0 0 0 0 0 0 0 0 0 0 0 0 0 0 0 0 0 0 0 0 0 0 0 0 0 0 0 0 0 0 0 0 0 0 0 0 0 0 0 0 0 0 0 0 0 0 0 0 0 0 0 0 0 0 0 0 0 0 0 0 0 0 0 0 0 0 0 0 0 0 0 0 0 0 0 0 0 0 0 0 0 0 0 0 0 0 0 0 0 0 0 0 0 0 0 0 0 0 0 0 0 0 0 0 0 0 0 0 0 0 0 0 0 0 0 0 0 0 0 0 0 0 0 0 0 0 0 0 0 0 0 0 0 0 0 0 0 0 0 0 0 0 0 0 0 0 0 0 0 0 0 0 0 0 0 0 0 0 0 0 0 0 0 0 0 0 0 0 0 0 0 0 0 0 0 0 0 0 0 0 0 0 0 0 0 0 0 0 0 0 0 0 0 0 0 0 0 0 0 0 0 0 0 0 0 0 0 0 0 0 0 0 0 0 0 0 0 0 0 0 0 0 0 0 0 0 0 0 0 1 1 1 1 1 1 1 1 1 1 1 1 1 1 1 1 1 1 1 1 1 1 1 1 1 1 1 1 1 1 1 1 1 1 1 1 1 1 1 1 1 1 1 1 1 1 1 1 1 1 1 1 1 1 1 1 1 1 1 1 1 1 1 1 1 1 1 1 1 1 1 1 1 1 1 1 1 1 1 1 1 1 1 1 1 1 1 1 1 1 1 1 1 1 1 1 1 1 1 1 1 1 1 1 1 1 1 1 1 1 1 1 1 1 1 1 1 1 1 1 1 1 1 1 1 1 1 1 1 1 1 1 1 1 1 1 1 1 1 1 1 1 1 1 1 1 1 1 1 1 1 1 1 1 1 1 1 1 1 1 1 1 1 1 1 1 1 1 1 1 1 1 1 1 1 1 1 1 1 1 1 1 1 1 1 1 1 1 1 1 1 1 1 1 1 1 1 1 1 1 1 1 1 1 1 1 1 1 1 1 1 1 1 1 1 1 1 1 1 1 1 1 1 1 1 1 1 1 1 1 1 1 1 1 1 1 1 1 1 1 1 1 1 1 1 1 1 1 1 1 1 1 1 1 1 1 
#Switch 1: 0 0 0 0 0 0 0 0 0 0 0 0 0 0 0 0 0 0 0 0 0 0 0 0 0 0 0 0 0 0 0 0 0 0 0 0 0 0 0 0 0 0 0 0 0 0 0 0 0 0 0 0 0 0 0 0 0 0 0 0 0 0 0 0 0 0 0 0 0 0 0 0 0 0 0 0 0 0 0 0 0 0 0 0 0 0 0 0 0 0 0 0 0 0 0 0 0 0 0 0 0 0 0 0 0 0 0 0 0 0 0 0 0 0 0 0 0 0 0 0 0 0 0 0 0 0 0 0 0 0 0 0 0 0 0 0 0 0 0 0 0 0 0 0 0 0 0 0 0 0 0 0 0 0 0 0 0 0 0 0 0 0 0 0 0 0 0 0 0 0 0 0 0 0 0 0 0 0 0 0 0 0 0 0 0 0 0 0 0 0 0 0 0 0 0 0 0 0 0 0 0 0 0 0 0 0 0 0 0 0 0 0 0 0 0 0 0 0 0 0 0 0 0 0 0 0 0 0 0 0 0 0 0 0 0 0 0 0 0 0 0 0 0 0 0 0 0 0 0 0 0 0 0 0 0 0 1 1 1 1 1 1 1 1 1 1 1 1 1 1 1 1 1 1 1 1 1 1 1 1 1 1 1 1 1 1 1 1 1 1 1 1 1 1 1 1 1 1 1 1 1 1 1 1 1 1 1 1 1 1 1 1 1 1 1 1 1 1 1 1 1 1 1 1 1 1 1 1 1 1 1 1 1 1 1 1 1 1 1 1 1 1 1 1 1 1 1 1 1 1 1 1 1 1 1 1 1 1 1 1 1 1 1 1 1 1 1 1 1 1 1 1 1 1 1 1 1 1 1 1 1 1 1 1 1 1 1 1 1 1 1 1 1 1 1 1 1 1 1 1 1 1 1 1 1 1 1 1 1 1 1 1 1 1 1 1 1 1 1 1 1 1 1 1 1 1 1 1 1 1 1 1 1 1 1 1 1 1 1 1 1 1 1 1 1 1 1 1 1 1 1 1 1 1 1 1 1 1 1 1 1 1 1 1 1 1 1 1 1 1 1 1 1 1 1 1 1 1 1 1 1 1 1 1 1 1 1 1 1 1 1 1 1 1 1 1 1 1 1 1 1 1 1 1 1 1 1 1 1 1 1 1 
#Stage 1:
#Switch 0: 0 0 0 0 0 0 0 0 0 0 0 0 0 0 0 0 0 0 0 0 0 0 0 0 0 0 0 0 0 0 0 0 0 0 0 0 0 0 0 0 0 0 0 0 0 0 0 0 0 0 0 0 0 0 0 0 0 0 0 0 0 0 0 0 0 0 0 0 0 0 0 0 0 0 0 0 0 0 0 0 0 0 0 0 0 0 0 0 0 0 0 0 0 0 0 0 0 0 0 0 0 0 0 0 0 0 0 0 0 0 0 0 0 0 0 0 0 0 0 0 0 0 0 0 0 0 0 0 1 1 1 1 1 1 1 1 1 1 1 1 1 1 1 1 1 1 1 1 1 1 1 1 1 1 1 1 1 1 1 1 1 1 1 1 1 1 1 1 1 1 1 1 1 1 1 1 1 1 1 1 1 1 1 1 1 1 1 1 1 1 1 1 1 1 1 1 1 1 1 1 1 1 1 1 1 1 1 1 1 1 1 1 1 1 1 1 1 1 1 1 1 1 1 1 1 1 1 1 1 1 1 1 1 1 1 1 1 1 1 1 1 1 1 1 1 1 1 1 1 1 1 1 1 1 1 1 0 0 0 0 0 0 0 0 0 0 0 0 0 0 0 0 0 0 0 0 0 0 0 0 0 0 0 0 0 0 0 0 0 0 0 0 0 0 0 0 0 0 0 0 0 0 0 0 0 0 0 0 0 0 0 0 0 0 0 0 0 0 0 0 0 0 0 0 0 0 0 0 0 0 0 0 0 0 0 0 0 0 0 0 0 0 0 0 0 0 0 0 0 0 0 0 0 0 0 0 0 0 0 0 0 0 0 0 0 0 0 0 0 0 0 0 0 0 0 0 0 0 0 0 0 0 0 0 1 1 1 1 1 1 1 1 1 1 1 1 1 1 1 1 1 1 1 1 1 1 1 1 1 1 1 1 1 1 1 1 1 1 1 1 1 1 1 1 1 1 1 1 1 1 1 1 1 1 1 1 1 1 1 1 1 1 1 1 1 1 1 1 1 1 1 1 1 1 1 1 1 1 1 1 1 1 1 1 1 1 1 1 1 1 1 1 1 1 1 1 1 1 1 1 1 1 1 1 1 1 1 1 1 1 1 1 1 1 1 1 1 1 1 1 1 1 1 1 1 1 1 1 1 1 1 1 
#Switch 1: 0 0 0 0 0 0 0 0 0 0 0 0 0 0 0 0 0 0 0 0 0 0 0 0 0 0 0 0 0 0 0 0 0 0 0 0 0 0 0 0 0 0 0 0 0 0 0 0 0 0 0 0 0 0 0 0 0 0 0 0 0 0 0 0 0 0 0 0 0 0 0 0 0 0 0 0 0 0 0 0 0 0 0 0 0 0 0 0 0 0 0 0 0 0 0 0 0 0 0 0 0 0 0 0 0 0 0 0 0 0 0 0 0 0 0 0 0 0 0 0 0 0 0 0 0 0 0 0 1 1 1 1 1 1 1 1 1 1 1 1 1 1 1 1 1 1 1 1 1 1 1 1 1 1 1 1 1 1 1 1 1 1 1 1 1 1 1 1 1 1 1 1 1 1 1 1 1 1 1 1 1 1 1 1 1 1 1 1 1 1 1 1 1 1 1 1 1 1 1 1 1 1 1 1 1 1 1 1 1 1 1 1 1 1 1 1 1 1 1 1 1 1 1 1 1 1 1 1 1 1 1 1 1 1 1 1 1 1 1 1 1 1 1 1 1 1 1 1 1 1 1 1 1 1 1 1 0 0 0 0 0 0 0 0 0 0 0 0 0 0 0 0 0 0 0 0 0 0 0 0 0 0 0 0 0 0 0 0 0 0 0 0 0 0 0 0 0 0 0 0 0 0 0 0 0 0 0 0 0 0 0 0 0 0 0 0 0 0 0 0 0 0 0 0 0 0 0 0 0 0 0 0 0 0 0 0 0 0 0 0 0 0 0 0 0 0 0 0 0 0 0 0 0 0 0 0 0 0 0 0 0 0 0 0 0 0 0 0 0 0 0 0 0 0 0 0 0 0 0 0 0 0 0 0 1 1 1 1 1 1 1 1 1 1 1 1 1 1 1 1 1 1 1 1 1 1 1 1 1 1 1 1 1 1 1 1 1 1 1 1 1 1 1 1 1 1 1 1 1 1 1 1 1 1 1 1 1 1 1 1 1 1 1 1 1 1 1 1 1 1 1 1 1 1 1 1 1 1 1 1 1 1 1 1 1 1 1 1 1 1 1 1 1 1 1 1 1 1 1 1 1 1 1 1 1 1 1 1 1 1 1 1 1 1 1 1 1 1 1 1 1 1 1 1 1 1 1 1 1 1 1 1 
#Memory addresses: 
#Memory block 0: 
0 40 20 60 10 50 30 70 8 48 28 68 18 58 38 78 4 44 24 64 14 54 34 74 c 4c 2c 6c 1c 5c 3c 7c 2 42 22 62 12 52 32 72 a 4a 2a 6a 1a 5a 3a 7a 6 46 26 66 16 56 36 76 e 4e 2e 6e 1e 5e 3e 7e 1 41 21 61 11 51 31 71 9 49 29 69 19 59 39 79 5 45 25 65 15 55 35 75 d 4d 2d 6d 1d 5d 3d 7d 3 43 23 63 13 53 33 73 b 4b 2b 6b 1b 5b 3b 7b 7 47 27 67 17 57 37 77 f 4f 2f 6f 1f 5f 3f 7f 80 c0 a0 e0 90 d0 b0 f0 88 c8 a8 e8 98 d8 b8 f8 84 c4 a4 e4 94 d4 b4 f4 8c cc ac ec 9c dc bc fc 82 c2 a2 e2 92 d2 b2 f2 8a ca aa ea 9a da ba fa 86 c6 a6 e6 96 d6 b6 f6 8e ce ae ee 9e de be fe 81 c1 a1 e1 91 d1 b1 f1 89 c9 a9 e9 99 d9 b9 f9 85 c5 a5 e5 95 d5 b5 f5 8d cd ad ed 9d dd bd fd 83 c3 a3 e3 93 d3 b3 f3 8b cb ab eb 9b db bb fb 87 c7 a7 e7 97 d7 b7 f7 8f cf af ef 9f df bf ff 100 140 120 160 110 150 130 170 108 148 128 168 118 158 138 178 104 144 124 164 114 154 134 174 10c 14c 12c 16c 11c 15c 13c 17c 102 142 122 162 112 152 132 172 10a 14a 12a 16a 11a 15a 13a 17a 106 146 126 166 116 156 136 176 10e 14e 12e 16e 11e 15e 13e 17e 101 141 121 161 111 151 131 171 109 149 129 169 119 159 139 179 105 145 125 165 115 155 135 175 10d 14d 12d 16d 11d 15d 13d 17d 103 143 123 163 113 153 133 173 10b 14b 12b 16b 11b 15b 13b 17b 107 147 127 167 117 157 137 177 10f 14f 12f 16f 11f 15f 13f 17f 180 1c0 1a0 1e0 190 1d0 1b0 1f0 188 1c8 1a8 1e8 198 1d8 1b8 1f8 184 1c4 1a4 1e4 194 1d4 1b4 1f4 18c 1cc 1ac 1ec 19c 1dc 1bc 1fc 182 1c2 1a2 1e2 192 1d2 1b2 1f2 18a 1ca 1aa 1ea 19a 1da 1ba 1fa 186 1c6 1a6 1e6 196 1d6 1b6 1f6 18e 1ce 1ae 1ee 19e 1de 1be 1fe 181 1c1 1a1 1e1 191 1d1 1b1 1f1 189 1c9 1a9 1e9 199 1d9 1b9 1f9 185 1c5 1a5 1e5 195 1d5 1b5 1f5 18d 1cd 1ad 1ed 19d 1dd 1bd 1fd 183 1c3 1a3 1e3 193 1d3 1b3 1f3 18b 1cb 1ab 1eb 19b 1db 1bb 1fb 187 1c7 1a7 1e7 197 1d7 1b7 1f7 18f 1cf 1af 1ef 19f 1df 1bf 1ff 
#Memory block 1: 
80 c0 a0 e0 90 d0 b0 f0 88 c8 a8 e8 98 d8 b8 f8 84 c4 a4 e4 94 d4 b4 f4 8c cc ac ec 9c dc bc fc 82 c2 a2 e2 92 d2 b2 f2 8a ca aa ea 9a da ba fa 86 c6 a6 e6 96 d6 b6 f6 8e ce ae ee 9e de be fe 81 c1 a1 e1 91 d1 b1 f1 89 c9 a9 e9 99 d9 b9 f9 85 c5 a5 e5 95 d5 b5 f5 8d cd ad ed 9d dd bd fd 83 c3 a3 e3 93 d3 b3 f3 8b cb ab eb 9b db bb fb 87 c7 a7 e7 97 d7 b7 f7 8f cf af ef 9f df bf ff 0 40 20 60 10 50 30 70 8 48 28 68 18 58 38 78 4 44 24 64 14 54 34 74 c 4c 2c 6c 1c 5c 3c 7c 2 42 22 62 12 52 32 72 a 4a 2a 6a 1a 5a 3a 7a 6 46 26 66 16 56 36 76 e 4e 2e 6e 1e 5e 3e 7e 1 41 21 61 11 51 31 71 9 49 29 69 19 59 39 79 5 45 25 65 15 55 35 75 d 4d 2d 6d 1d 5d 3d 7d 3 43 23 63 13 53 33 73 b 4b 2b 6b 1b 5b 3b 7b 7 47 27 67 17 57 37 77 f 4f 2f 6f 1f 5f 3f 7f 180 1c0 1a0 1e0 190 1d0 1b0 1f0 188 1c8 1a8 1e8 198 1d8 1b8 1f8 184 1c4 1a4 1e4 194 1d4 1b4 1f4 18c 1cc 1ac 1ec 19c 1dc 1bc 1fc 182 1c2 1a2 1e2 192 1d2 1b2 1f2 18a 1ca 1aa 1ea 19a 1da 1ba 1fa 186 1c6 1a6 1e6 196 1d6 1b6 1f6 18e 1ce 1ae 1ee 19e 1de 1be 1fe 181 1c1 1a1 1e1 191 1d1 1b1 1f1 189 1c9 1a9 1e9 199 1d9 1b9 1f9 185 1c5 1a5 1e5 195 1d5 1b5 1f5 18d 1cd 1ad 1ed 19d 1dd 1bd 1fd 183 1c3 1a3 1e3 193 1d3 1b3 1f3 18b 1cb 1ab 1eb 19b 1db 1bb 1fb 187 1c7 1a7 1e7 197 1d7 1b7 1f7 18f 1cf 1af 1ef 19f 1df 1bf 1ff 100 140 120 160 110 150 130 170 108 148 128 168 118 158 138 178 104 144 124 164 114 154 134 174 10c 14c 12c 16c 11c 15c 13c 17c 102 142 122 162 112 152 132 172 10a 14a 12a 16a 11a 15a 13a 17a 106 146 126 166 116 156 136 176 10e 14e 12e 16e 11e 15e 13e 17e 101 141 121 161 111 151 131 171 109 149 129 169 119 159 139 179 105 145 125 165 115 155 135 175 10d 14d 12d 16d 11d 15d 13d 17d 103 143 123 163 113 153 133 173 10b 14b 12b 16b 11b 15b 13b 17b 107 147 127 167 117 157 137 177 10f 14f 12f 16f 11f 15f 13f 17f 
#Memory block 2: 
100 140 120 160 110 150 130 170 108 148 128 168 118 158 138 178 104 144 124 164 114 154 134 174 10c 14c 12c 16c 11c 15c 13c 17c 102 142 122 162 112 152 132 172 10a 14a 12a 16a 11a 15a 13a 17a 106 146 126 166 116 156 136 176 10e 14e 12e 16e 11e 15e 13e 17e 101 141 121 161 111 151 131 171 109 149 129 169 119 159 139 179 105 145 125 165 115 155 135 175 10d 14d 12d 16d 11d 15d 13d 17d 103 143 123 163 113 153 133 173 10b 14b 12b 16b 11b 15b 13b 17b 107 147 127 167 117 157 137 177 10f 14f 12f 16f 11f 15f 13f 17f 180 1c0 1a0 1e0 190 1d0 1b0 1f0 188 1c8 1a8 1e8 198 1d8 1b8 1f8 184 1c4 1a4 1e4 194 1d4 1b4 1f4 18c 1cc 1ac 1ec 19c 1dc 1bc 1fc 182 1c2 1a2 1e2 192 1d2 1b2 1f2 18a 1ca 1aa 1ea 19a 1da 1ba 1fa 186 1c6 1a6 1e6 196 1d6 1b6 1f6 18e 1ce 1ae 1ee 19e 1de 1be 1fe 181 1c1 1a1 1e1 191 1d1 1b1 1f1 189 1c9 1a9 1e9 199 1d9 1b9 1f9 185 1c5 1a5 1e5 195 1d5 1b5 1f5 18d 1cd 1ad 1ed 19d 1dd 1bd 1fd 183 1c3 1a3 1e3 193 1d3 1b3 1f3 18b 1cb 1ab 1eb 19b 1db 1bb 1fb 187 1c7 1a7 1e7 197 1d7 1b7 1f7 18f 1cf 1af 1ef 19f 1df 1bf 1ff 0 40 20 60 10 50 30 70 8 48 28 68 18 58 38 78 4 44 24 64 14 54 34 74 c 4c 2c 6c 1c 5c 3c 7c 2 42 22 62 12 52 32 72 a 4a 2a 6a 1a 5a 3a 7a 6 46 26 66 16 56 36 76 e 4e 2e 6e 1e 5e 3e 7e 1 41 21 61 11 51 31 71 9 49 29 69 19 59 39 79 5 45 25 65 15 55 35 75 d 4d 2d 6d 1d 5d 3d 7d 3 43 23 63 13 53 33 73 b 4b 2b 6b 1b 5b 3b 7b 7 47 27 67 17 57 37 77 f 4f 2f 6f 1f 5f 3f 7f 80 c0 a0 e0 90 d0 b0 f0 88 c8 a8 e8 98 d8 b8 f8 84 c4 a4 e4 94 d4 b4 f4 8c cc ac ec 9c dc bc fc 82 c2 a2 e2 92 d2 b2 f2 8a ca aa ea 9a da ba fa 86 c6 a6 e6 96 d6 b6 f6 8e ce ae ee 9e de be fe 81 c1 a1 e1 91 d1 b1 f1 89 c9 a9 e9 99 d9 b9 f9 85 c5 a5 e5 95 d5 b5 f5 8d cd ad ed 9d dd bd fd 83 c3 a3 e3 93 d3 b3 f3 8b cb ab eb 9b db bb fb 87 c7 a7 e7 97 d7 b7 f7 8f cf af ef 9f df bf ff 
#Memory block 3: 
180 1c0 1a0 1e0 190 1d0 1b0 1f0 188 1c8 1a8 1e8 198 1d8 1b8 1f8 184 1c4 1a4 1e4 194 1d4 1b4 1f4 18c 1cc 1ac 1ec 19c 1dc 1bc 1fc 182 1c2 1a2 1e2 192 1d2 1b2 1f2 18a 1ca 1aa 1ea 19a 1da 1ba 1fa 186 1c6 1a6 1e6 196 1d6 1b6 1f6 18e 1ce 1ae 1ee 19e 1de 1be 1fe 181 1c1 1a1 1e1 191 1d1 1b1 1f1 189 1c9 1a9 1e9 199 1d9 1b9 1f9 185 1c5 1a5 1e5 195 1d5 1b5 1f5 18d 1cd 1ad 1ed 19d 1dd 1bd 1fd 183 1c3 1a3 1e3 193 1d3 1b3 1f3 18b 1cb 1ab 1eb 19b 1db 1bb 1fb 187 1c7 1a7 1e7 197 1d7 1b7 1f7 18f 1cf 1af 1ef 19f 1df 1bf 1ff 100 140 120 160 110 150 130 170 108 148 128 168 118 158 138 178 104 144 124 164 114 154 134 174 10c 14c 12c 16c 11c 15c 13c 17c 102 142 122 162 112 152 132 172 10a 14a 12a 16a 11a 15a 13a 17a 106 146 126 166 116 156 136 176 10e 14e 12e 16e 11e 15e 13e 17e 101 141 121 161 111 151 131 171 109 149 129 169 119 159 139 179 105 145 125 165 115 155 135 175 10d 14d 12d 16d 11d 15d 13d 17d 103 143 123 163 113 153 133 173 10b 14b 12b 16b 11b 15b 13b 17b 107 147 127 167 117 157 137 177 10f 14f 12f 16f 11f 15f 13f 17f 80 c0 a0 e0 90 d0 b0 f0 88 c8 a8 e8 98 d8 b8 f8 84 c4 a4 e4 94 d4 b4 f4 8c cc ac ec 9c dc bc fc 82 c2 a2 e2 92 d2 b2 f2 8a ca aa ea 9a da ba fa 86 c6 a6 e6 96 d6 b6 f6 8e ce ae ee 9e de be fe 81 c1 a1 e1 91 d1 b1 f1 89 c9 a9 e9 99 d9 b9 f9 85 c5 a5 e5 95 d5 b5 f5 8d cd ad ed 9d dd bd fd 83 c3 a3 e3 93 d3 b3 f3 8b cb ab eb 9b db bb fb 87 c7 a7 e7 97 d7 b7 f7 8f cf af ef 9f df bf ff 0 40 20 60 10 50 30 70 8 48 28 68 18 58 38 78 4 44 24 64 14 54 34 74 c 4c 2c 6c 1c 5c 3c 7c 2 42 22 62 12 52 32 72 a 4a 2a 6a 1a 5a 3a 7a 6 46 26 66 16 56 36 76 e 4e 2e 6e 1e 5e 3e 7e 1 41 21 61 11 51 31 71 9 49 29 69 19 59 39 79 5 45 25 65 15 55 35 75 d 4d 2d 6d 1d 5d 3d 7d 3 43 23 63 13 53 33 73 b 4b 2b 6b 1b 5b 3b 7b 7 47 27 67 17 57 37 77 f 4f 2f 6f 1f 5f 3f 7f 
