#Input size: 256
#Data parallelism: 2
#Stride: 0
#Switch ctrl in input stages:
#Stage 0:
#Switch 0: 0 0 0 0 0 0 0 0 0 0 0 0 0 0 0 0 0 0 0 0 0 0 0 0 0 0 0 0 0 0 0 0 0 0 0 0 0 0 0 0 0 0 0 0 0 0 0 0 0 0 0 0 0 0 0 0 0 0 0 0 0 0 0 0 1 1 1 1 1 1 1 1 1 1 1 1 1 1 1 1 1 1 1 1 1 1 1 1 1 1 1 1 1 1 1 1 1 1 1 1 1 1 1 1 1 1 1 1 1 1 1 1 1 1 1 1 1 1 1 1 1 1 1 1 1 1 1 1 
#Switch ctrl in output stages:
#Stage 0:
#Switch 0: 0 0 0 0 0 0 0 0 0 0 0 0 0 0 0 0 0 0 0 0 0 0 0 0 0 0 0 0 0 0 0 0 0 0 0 0 0 0 0 0 0 0 0 0 0 0 0 0 0 0 0 0 0 0 0 0 0 0 0 0 0 0 0 0 1 1 1 1 1 1 1 1 1 1 1 1 1 1 1 1 1 1 1 1 1 1 1 1 1 1 1 1 1 1 1 1 1 1 1 1 1 1 1 1 1 1 1 1 1 1 1 1 1 1 1 1 1 1 1 1 1 1 1 1 1 1 1 1 
#Memory addresses: 
#Memory block 0: 
0 20 10 30 8 28 18 38 4 24 14 34 c 2c 1c 3c 2 22 12 32 a 2a 1a 3a 6 26 16 36 e 2e 1e 3e 1 21 11 31 9 29 19 39 5 25 15 35 d 2d 1d 3d 3 23 13 33 b 2b 1b 3b 7 27 17 37 f 2f 1f 3f 40 60 50 70 48 68 58 78 44 64 54 74 4c 6c 5c 7c 42 62 52 72 4a 6a 5a 7a 46 66 56 76 4e 6e 5e 7e 41 61 51 71 49 69 59 79 45 65 55 75 4d 6d 5d 7d 43 63 53 73 4b 6b 5b 7b 47 67 57 77 4f 6f 5f 7f 0 1 2 3 4 5 6 7 8 9 a b c d e f 10 11 12 13 14 15 16 17 18 19 1a 1b 1c 1d 1e 1f 20 21 22 23 24 25 26 27 28 29 2a 2b 2c 2d 2e 2f 30 31 32 33 34 35 36 37 38 39 3a 3b 3c 3d 3e 3f 40 41 42 43 44 45 46 47 48 49 4a 4b 4c 4d 4e 4f 50 51 52 53 54 55 56 57 58 59 5a 5b 5c 5d 5e 5f 60 61 62 63 64 65 66 67 68 69 6a 6b 6c 6d 6e 6f 70 71 72 73 74 75 76 77 78 79 7a 7b 7c 7d 7e 7f 
#Memory block 1: 
40 60 50 70 48 68 58 78 44 64 54 74 4c 6c 5c 7c 42 62 52 72 4a 6a 5a 7a 46 66 56 76 4e 6e 5e 7e 41 61 51 71 49 69 59 79 45 65 55 75 4d 6d 5d 7d 43 63 53 73 4b 6b 5b 7b 47 67 57 77 4f 6f 5f 7f 0 20 10 30 8 28 18 38 4 24 14 34 c 2c 1c 3c 2 22 12 32 a 2a 1a 3a 6 26 16 36 e 2e 1e 3e 1 21 11 31 9 29 19 39 5 25 15 35 d 2d 1d 3d 3 23 13 33 b 2b 1b 3b 7 27 17 37 f 2f 1f 3f 0 1 2 3 4 5 6 7 8 9 a b c d e f 10 11 12 13 14 15 16 17 18 19 1a 1b 1c 1d 1e 1f 20 21 22 23 24 25 26 27 28 29 2a 2b 2c 2d 2e 2f 30 31 32 33 34 35 36 37 38 39 3a 3b 3c 3d 3e 3f 40 41 42 43 44 45 46 47 48 49 4a 4b 4c 4d 4e 4f 50 51 52 53 54 55 56 57 58 59 5a 5b 5c 5d 5e 5f 60 61 62 63 64 65 66 67 68 69 6a 6b 6c 6d 6e 6f 70 71 72 73 74 75 76 77 78 79 7a 7b 7c 7d 7e 7f 
