#Input size: 2048
#Data parallelism: 2
#Stride: 0
#Switch ctrl in input stages:
#Stage 0:
#Switch 0: 0 0 0 0 0 0 0 0 0 0 0 0 0 0 0 0 0 0 0 0 0 0 0 0 0 0 0 0 0 0 0 0 0 0 0 0 0 0 0 0 0 0 0 0 0 0 0 0 0 0 0 0 0 0 0 0 0 0 0 0 0 0 0 0 0 0 0 0 0 0 0 0 0 0 0 0 0 0 0 0 0 0 0 0 0 0 0 0 0 0 0 0 0 0 0 0 0 0 0 0 0 0 0 0 0 0 0 0 0 0 0 0 0 0 0 0 0 0 0 0 0 0 0 0 0 0 0 0 0 0 0 0 0 0 0 0 0 0 0 0 0 0 0 0 0 0 0 0 0 0 0 0 0 0 0 0 0 0 0 0 0 0 0 0 0 0 0 0 0 0 0 0 0 0 0 0 0 0 0 0 0 0 0 0 0 0 0 0 0 0 0 0 0 0 0 0 0 0 0 0 0 0 0 0 0 0 0 0 0 0 0 0 0 0 0 0 0 0 0 0 0 0 0 0 0 0 0 0 0 0 0 0 0 0 0 0 0 0 0 0 0 0 0 0 0 0 0 0 0 0 0 0 0 0 0 0 0 0 0 0 0 0 0 0 0 0 0 0 0 0 0 0 0 0 0 0 0 0 0 0 0 0 0 0 0 0 0 0 0 0 0 0 0 0 0 0 0 0 0 0 0 0 0 0 0 0 0 0 0 0 0 0 0 0 0 0 0 0 0 0 0 0 0 0 0 0 0 0 0 0 0 0 0 0 0 0 0 0 0 0 0 0 0 0 0 0 0 0 0 0 0 0 0 0 0 0 0 0 0 0 0 0 0 0 0 0 0 0 0 0 0 0 0 0 0 0 0 0 0 0 0 0 0 0 0 0 0 0 0 0 0 0 0 0 0 0 0 0 0 0 0 0 0 0 0 0 0 0 0 0 0 0 0 0 0 0 0 0 0 0 0 0 0 0 0 0 0 0 0 0 0 0 0 0 0 0 0 0 0 0 0 0 0 0 0 0 0 0 0 0 0 0 0 0 0 0 0 0 0 0 0 0 0 0 0 0 0 0 0 0 0 0 0 0 0 0 0 0 0 0 0 0 0 0 0 0 0 0 0 0 0 0 0 0 0 0 0 0 0 0 0 0 0 0 0 0 0 0 0 0 0 0 1 1 1 1 1 1 1 1 1 1 1 1 1 1 1 1 1 1 1 1 1 1 1 1 1 1 1 1 1 1 1 1 1 1 1 1 1 1 1 1 1 1 1 1 1 1 1 1 1 1 1 1 1 1 1 1 1 1 1 1 1 1 1 1 1 1 1 1 1 1 1 1 1 1 1 1 1 1 1 1 1 1 1 1 1 1 1 1 1 1 1 1 1 1 1 1 1 1 1 1 1 1 1 1 1 1 1 1 1 1 1 1 1 1 1 1 1 1 1 1 1 1 1 1 1 1 1 1 1 1 1 1 1 1 1 1 1 1 1 1 1 1 1 1 1 1 1 1 1 1 1 1 1 1 1 1 1 1 1 1 1 1 1 1 1 1 1 1 1 1 1 1 1 1 1 1 1 1 1 1 1 1 1 1 1 1 1 1 1 1 1 1 1 1 1 1 1 1 1 1 1 1 1 1 1 1 1 1 1 1 1 1 1 1 1 1 1 1 1 1 1 1 1 1 1 1 1 1 1 1 1 1 1 1 1 1 1 1 1 1 1 1 1 1 1 1 1 1 1 1 1 1 1 1 1 1 1 1 1 1 1 1 1 1 1 1 1 1 1 1 1 1 1 1 1 1 1 1 1 1 1 1 1 1 1 1 1 1 1 1 1 1 1 1 1 1 1 1 1 1 1 1 1 1 1 1 1 1 1 1 1 1 1 1 1 1 1 1 1 1 1 1 1 1 1 1 1 1 1 1 1 1 1 1 1 1 1 1 1 1 1 1 1 1 1 1 1 1 1 1 1 1 1 1 1 1 1 1 1 1 1 1 1 1 1 1 1 1 1 1 1 1 1 1 1 1 1 1 1 1 1 1 1 1 1 1 1 1 1 1 1 1 1 1 1 1 1 1 1 1 1 1 1 1 1 1 1 1 1 1 1 1 1 1 1 1 1 1 1 1 1 1 1 1 1 1 1 1 1 1 1 1 1 1 1 1 1 1 1 1 1 1 1 1 1 1 1 1 1 1 1 1 1 1 1 1 1 1 1 1 1 1 1 1 1 1 1 1 1 1 1 1 1 1 1 1 1 1 1 1 1 1 1 1 1 1 1 1 1 1 1 1 1 1 1 1 1 1 1 1 1 1 1 1 1 1 1 1 1 1 1 1 
#Switch ctrl in output stages:
#Stage 0:
#Switch 0: 0 0 0 0 0 0 0 0 0 0 0 0 0 0 0 0 0 0 0 0 0 0 0 0 0 0 0 0 0 0 0 0 0 0 0 0 0 0 0 0 0 0 0 0 0 0 0 0 0 0 0 0 0 0 0 0 0 0 0 0 0 0 0 0 0 0 0 0 0 0 0 0 0 0 0 0 0 0 0 0 0 0 0 0 0 0 0 0 0 0 0 0 0 0 0 0 0 0 0 0 0 0 0 0 0 0 0 0 0 0 0 0 0 0 0 0 0 0 0 0 0 0 0 0 0 0 0 0 0 0 0 0 0 0 0 0 0 0 0 0 0 0 0 0 0 0 0 0 0 0 0 0 0 0 0 0 0 0 0 0 0 0 0 0 0 0 0 0 0 0 0 0 0 0 0 0 0 0 0 0 0 0 0 0 0 0 0 0 0 0 0 0 0 0 0 0 0 0 0 0 0 0 0 0 0 0 0 0 0 0 0 0 0 0 0 0 0 0 0 0 0 0 0 0 0 0 0 0 0 0 0 0 0 0 0 0 0 0 0 0 0 0 0 0 0 0 0 0 0 0 0 0 0 0 0 0 0 0 0 0 0 0 0 0 0 0 0 0 0 0 0 0 0 0 0 0 0 0 0 0 0 0 0 0 0 0 0 0 0 0 0 0 0 0 0 0 0 0 0 0 0 0 0 0 0 0 0 0 0 0 0 0 0 0 0 0 0 0 0 0 0 0 0 0 0 0 0 0 0 0 0 0 0 0 0 0 0 0 0 0 0 0 0 0 0 0 0 0 0 0 0 0 0 0 0 0 0 0 0 0 0 0 0 0 0 0 0 0 0 0 0 0 0 0 0 0 0 0 0 0 0 0 0 0 0 0 0 0 0 0 0 0 0 0 0 0 0 0 0 0 0 0 0 0 0 0 0 0 0 0 0 0 0 0 0 0 0 0 0 0 0 0 0 0 0 0 0 0 0 0 0 0 0 0 0 0 0 0 0 0 0 0 0 0 0 0 0 0 0 0 0 0 0 0 0 0 0 0 0 0 0 0 0 0 0 0 0 0 0 0 0 0 0 0 0 0 0 0 0 0 0 0 0 0 0 0 0 0 0 0 0 0 0 0 0 0 0 0 0 0 0 0 0 0 0 0 0 0 0 0 0 0 1 1 1 1 1 1 1 1 1 1 1 1 1 1 1 1 1 1 1 1 1 1 1 1 1 1 1 1 1 1 1 1 1 1 1 1 1 1 1 1 1 1 1 1 1 1 1 1 1 1 1 1 1 1 1 1 1 1 1 1 1 1 1 1 1 1 1 1 1 1 1 1 1 1 1 1 1 1 1 1 1 1 1 1 1 1 1 1 1 1 1 1 1 1 1 1 1 1 1 1 1 1 1 1 1 1 1 1 1 1 1 1 1 1 1 1 1 1 1 1 1 1 1 1 1 1 1 1 1 1 1 1 1 1 1 1 1 1 1 1 1 1 1 1 1 1 1 1 1 1 1 1 1 1 1 1 1 1 1 1 1 1 1 1 1 1 1 1 1 1 1 1 1 1 1 1 1 1 1 1 1 1 1 1 1 1 1 1 1 1 1 1 1 1 1 1 1 1 1 1 1 1 1 1 1 1 1 1 1 1 1 1 1 1 1 1 1 1 1 1 1 1 1 1 1 1 1 1 1 1 1 1 1 1 1 1 1 1 1 1 1 1 1 1 1 1 1 1 1 1 1 1 1 1 1 1 1 1 1 1 1 1 1 1 1 1 1 1 1 1 1 1 1 1 1 1 1 1 1 1 1 1 1 1 1 1 1 1 1 1 1 1 1 1 1 1 1 1 1 1 1 1 1 1 1 1 1 1 1 1 1 1 1 1 1 1 1 1 1 1 1 1 1 1 1 1 1 1 1 1 1 1 1 1 1 1 1 1 1 1 1 1 1 1 1 1 1 1 1 1 1 1 1 1 1 1 1 1 1 1 1 1 1 1 1 1 1 1 1 1 1 1 1 1 1 1 1 1 1 1 1 1 1 1 1 1 1 1 1 1 1 1 1 1 1 1 1 1 1 1 1 1 1 1 1 1 1 1 1 1 1 1 1 1 1 1 1 1 1 1 1 1 1 1 1 1 1 1 1 1 1 1 1 1 1 1 1 1 1 1 1 1 1 1 1 1 1 1 1 1 1 1 1 1 1 1 1 1 1 1 1 1 1 1 1 1 1 1 1 1 1 1 1 1 1 1 1 1 1 1 1 1 1 1 1 1 1 1 1 1 1 1 1 1 1 1 1 1 1 1 1 1 1 1 1 1 1 1 1 1 1 1 
#Memory addresses: 
#Memory block 0: 
0 100 80 180 40 140 c0 1c0 20 120 a0 1a0 60 160 e0 1e0 10 110 90 190 50 150 d0 1d0 30 130 b0 1b0 70 170 f0 1f0 8 108 88 188 48 148 c8 1c8 28 128 a8 1a8 68 168 e8 1e8 18 118 98 198 58 158 d8 1d8 38 138 b8 1b8 78 178 f8 1f8 4 104 84 184 44 144 c4 1c4 24 124 a4 1a4 64 164 e4 1e4 14 114 94 194 54 154 d4 1d4 34 134 b4 1b4 74 174 f4 1f4 c 10c 8c 18c 4c 14c cc 1cc 2c 12c ac 1ac 6c 16c ec 1ec 1c 11c 9c 19c 5c 15c dc 1dc 3c 13c bc 1bc 7c 17c fc 1fc 2 102 82 182 42 142 c2 1c2 22 122 a2 1a2 62 162 e2 1e2 12 112 92 192 52 152 d2 1d2 32 132 b2 1b2 72 172 f2 1f2 a 10a 8a 18a 4a 14a ca 1ca 2a 12a aa 1aa 6a 16a ea 1ea 1a 11a 9a 19a 5a 15a da 1da 3a 13a ba 1ba 7a 17a fa 1fa 6 106 86 186 46 146 c6 1c6 26 126 a6 1a6 66 166 e6 1e6 16 116 96 196 56 156 d6 1d6 36 136 b6 1b6 76 176 f6 1f6 e 10e 8e 18e 4e 14e ce 1ce 2e 12e ae 1ae 6e 16e ee 1ee 1e 11e 9e 19e 5e 15e de 1de 3e 13e be 1be 7e 17e fe 1fe 1 101 81 181 41 141 c1 1c1 21 121 a1 1a1 61 161 e1 1e1 11 111 91 191 51 151 d1 1d1 31 131 b1 1b1 71 171 f1 1f1 9 109 89 189 49 149 c9 1c9 29 129 a9 1a9 69 169 e9 1e9 19 119 99 199 59 159 d9 1d9 39 139 b9 1b9 79 179 f9 1f9 5 105 85 185 45 145 c5 1c5 25 125 a5 1a5 65 165 e5 1e5 15 115 95 195 55 155 d5 1d5 35 135 b5 1b5 75 175 f5 1f5 d 10d 8d 18d 4d 14d cd 1cd 2d 12d ad 1ad 6d 16d ed 1ed 1d 11d 9d 19d 5d 15d dd 1dd 3d 13d bd 1bd 7d 17d fd 1fd 3 103 83 183 43 143 c3 1c3 23 123 a3 1a3 63 163 e3 1e3 13 113 93 193 53 153 d3 1d3 33 133 b3 1b3 73 173 f3 1f3 b 10b 8b 18b 4b 14b cb 1cb 2b 12b ab 1ab 6b 16b eb 1eb 1b 11b 9b 19b 5b 15b db 1db 3b 13b bb 1bb 7b 17b fb 1fb 7 107 87 187 47 147 c7 1c7 27 127 a7 1a7 67 167 e7 1e7 17 117 97 197 57 157 d7 1d7 37 137 b7 1b7 77 177 f7 1f7 f 10f 8f 18f 4f 14f cf 1cf 2f 12f af 1af 6f 16f ef 1ef 1f 11f 9f 19f 5f 15f df 1df 3f 13f bf 1bf 7f 17f ff 1ff 200 300 280 380 240 340 2c0 3c0 220 320 2a0 3a0 260 360 2e0 3e0 210 310 290 390 250 350 2d0 3d0 230 330 2b0 3b0 270 370 2f0 3f0 208 308 288 388 248 348 2c8 3c8 228 328 2a8 3a8 268 368 2e8 3e8 218 318 298 398 258 358 2d8 3d8 238 338 2b8 3b8 278 378 2f8 3f8 204 304 284 384 244 344 2c4 3c4 224 324 2a4 3a4 264 364 2e4 3e4 214 314 294 394 254 354 2d4 3d4 234 334 2b4 3b4 274 374 2f4 3f4 20c 30c 28c 38c 24c 34c 2cc 3cc 22c 32c 2ac 3ac 26c 36c 2ec 3ec 21c 31c 29c 39c 25c 35c 2dc 3dc 23c 33c 2bc 3bc 27c 37c 2fc 3fc 202 302 282 382 242 342 2c2 3c2 222 322 2a2 3a2 262 362 2e2 3e2 212 312 292 392 252 352 2d2 3d2 232 332 2b2 3b2 272 372 2f2 3f2 20a 30a 28a 38a 24a 34a 2ca 3ca 22a 32a 2aa 3aa 26a 36a 2ea 3ea 21a 31a 29a 39a 25a 35a 2da 3da 23a 33a 2ba 3ba 27a 37a 2fa 3fa 206 306 286 386 246 346 2c6 3c6 226 326 2a6 3a6 266 366 2e6 3e6 216 316 296 396 256 356 2d6 3d6 236 336 2b6 3b6 276 376 2f6 3f6 20e 30e 28e 38e 24e 34e 2ce 3ce 22e 32e 2ae 3ae 26e 36e 2ee 3ee 21e 31e 29e 39e 25e 35e 2de 3de 23e 33e 2be 3be 27e 37e 2fe 3fe 201 301 281 381 241 341 2c1 3c1 221 321 2a1 3a1 261 361 2e1 3e1 211 311 291 391 251 351 2d1 3d1 231 331 2b1 3b1 271 371 2f1 3f1 209 309 289 389 249 349 2c9 3c9 229 329 2a9 3a9 269 369 2e9 3e9 219 319 299 399 259 359 2d9 3d9 239 339 2b9 3b9 279 379 2f9 3f9 205 305 285 385 245 345 2c5 3c5 225 325 2a5 3a5 265 365 2e5 3e5 215 315 295 395 255 355 2d5 3d5 235 335 2b5 3b5 275 375 2f5 3f5 20d 30d 28d 38d 24d 34d 2cd 3cd 22d 32d 2ad 3ad 26d 36d 2ed 3ed 21d 31d 29d 39d 25d 35d 2dd 3dd 23d 33d 2bd 3bd 27d 37d 2fd 3fd 203 303 283 383 243 343 2c3 3c3 223 323 2a3 3a3 263 363 2e3 3e3 213 313 293 393 253 353 2d3 3d3 233 333 2b3 3b3 273 373 2f3 3f3 20b 30b 28b 38b 24b 34b 2cb 3cb 22b 32b 2ab 3ab 26b 36b 2eb 3eb 21b 31b 29b 39b 25b 35b 2db 3db 23b 33b 2bb 3bb 27b 37b 2fb 3fb 207 307 287 387 247 347 2c7 3c7 227 327 2a7 3a7 267 367 2e7 3e7 217 317 297 397 257 357 2d7 3d7 237 337 2b7 3b7 277 377 2f7 3f7 20f 30f 28f 38f 24f 34f 2cf 3cf 22f 32f 2af 3af 26f 36f 2ef 3ef 21f 31f 29f 39f 25f 35f 2df 3df 23f 33f 2bf 3bf 27f 37f 2ff 3ff 
#Memory block 1: 
200 300 280 380 240 340 2c0 3c0 220 320 2a0 3a0 260 360 2e0 3e0 210 310 290 390 250 350 2d0 3d0 230 330 2b0 3b0 270 370 2f0 3f0 208 308 288 388 248 348 2c8 3c8 228 328 2a8 3a8 268 368 2e8 3e8 218 318 298 398 258 358 2d8 3d8 238 338 2b8 3b8 278 378 2f8 3f8 204 304 284 384 244 344 2c4 3c4 224 324 2a4 3a4 264 364 2e4 3e4 214 314 294 394 254 354 2d4 3d4 234 334 2b4 3b4 274 374 2f4 3f4 20c 30c 28c 38c 24c 34c 2cc 3cc 22c 32c 2ac 3ac 26c 36c 2ec 3ec 21c 31c 29c 39c 25c 35c 2dc 3dc 23c 33c 2bc 3bc 27c 37c 2fc 3fc 202 302 282 382 242 342 2c2 3c2 222 322 2a2 3a2 262 362 2e2 3e2 212 312 292 392 252 352 2d2 3d2 232 332 2b2 3b2 272 372 2f2 3f2 20a 30a 28a 38a 24a 34a 2ca 3ca 22a 32a 2aa 3aa 26a 36a 2ea 3ea 21a 31a 29a 39a 25a 35a 2da 3da 23a 33a 2ba 3ba 27a 37a 2fa 3fa 206 306 286 386 246 346 2c6 3c6 226 326 2a6 3a6 266 366 2e6 3e6 216 316 296 396 256 356 2d6 3d6 236 336 2b6 3b6 276 376 2f6 3f6 20e 30e 28e 38e 24e 34e 2ce 3ce 22e 32e 2ae 3ae 26e 36e 2ee 3ee 21e 31e 29e 39e 25e 35e 2de 3de 23e 33e 2be 3be 27e 37e 2fe 3fe 201 301 281 381 241 341 2c1 3c1 221 321 2a1 3a1 261 361 2e1 3e1 211 311 291 391 251 351 2d1 3d1 231 331 2b1 3b1 271 371 2f1 3f1 209 309 289 389 249 349 2c9 3c9 229 329 2a9 3a9 269 369 2e9 3e9 219 319 299 399 259 359 2d9 3d9 239 339 2b9 3b9 279 379 2f9 3f9 205 305 285 385 245 345 2c5 3c5 225 325 2a5 3a5 265 365 2e5 3e5 215 315 295 395 255 355 2d5 3d5 235 335 2b5 3b5 275 375 2f5 3f5 20d 30d 28d 38d 24d 34d 2cd 3cd 22d 32d 2ad 3ad 26d 36d 2ed 3ed 21d 31d 29d 39d 25d 35d 2dd 3dd 23d 33d 2bd 3bd 27d 37d 2fd 3fd 203 303 283 383 243 343 2c3 3c3 223 323 2a3 3a3 263 363 2e3 3e3 213 313 293 393 253 353 2d3 3d3 233 333 2b3 3b3 273 373 2f3 3f3 20b 30b 28b 38b 24b 34b 2cb 3cb 22b 32b 2ab 3ab 26b 36b 2eb 3eb 21b 31b 29b 39b 25b 35b 2db 3db 23b 33b 2bb 3bb 27b 37b 2fb 3fb 207 307 287 387 247 347 2c7 3c7 227 327 2a7 3a7 267 367 2e7 3e7 217 317 297 397 257 357 2d7 3d7 237 337 2b7 3b7 277 377 2f7 3f7 20f 30f 28f 38f 24f 34f 2cf 3cf 22f 32f 2af 3af 26f 36f 2ef 3ef 21f 31f 29f 39f 25f 35f 2df 3df 23f 33f 2bf 3bf 27f 37f 2ff 3ff 0 100 80 180 40 140 c0 1c0 20 120 a0 1a0 60 160 e0 1e0 10 110 90 190 50 150 d0 1d0 30 130 b0 1b0 70 170 f0 1f0 8 108 88 188 48 148 c8 1c8 28 128 a8 1a8 68 168 e8 1e8 18 118 98 198 58 158 d8 1d8 38 138 b8 1b8 78 178 f8 1f8 4 104 84 184 44 144 c4 1c4 24 124 a4 1a4 64 164 e4 1e4 14 114 94 194 54 154 d4 1d4 34 134 b4 1b4 74 174 f4 1f4 c 10c 8c 18c 4c 14c cc 1cc 2c 12c ac 1ac 6c 16c ec 1ec 1c 11c 9c 19c 5c 15c dc 1dc 3c 13c bc 1bc 7c 17c fc 1fc 2 102 82 182 42 142 c2 1c2 22 122 a2 1a2 62 162 e2 1e2 12 112 92 192 52 152 d2 1d2 32 132 b2 1b2 72 172 f2 1f2 a 10a 8a 18a 4a 14a ca 1ca 2a 12a aa 1aa 6a 16a ea 1ea 1a 11a 9a 19a 5a 15a da 1da 3a 13a ba 1ba 7a 17a fa 1fa 6 106 86 186 46 146 c6 1c6 26 126 a6 1a6 66 166 e6 1e6 16 116 96 196 56 156 d6 1d6 36 136 b6 1b6 76 176 f6 1f6 e 10e 8e 18e 4e 14e ce 1ce 2e 12e ae 1ae 6e 16e ee 1ee 1e 11e 9e 19e 5e 15e de 1de 3e 13e be 1be 7e 17e fe 1fe 1 101 81 181 41 141 c1 1c1 21 121 a1 1a1 61 161 e1 1e1 11 111 91 191 51 151 d1 1d1 31 131 b1 1b1 71 171 f1 1f1 9 109 89 189 49 149 c9 1c9 29 129 a9 1a9 69 169 e9 1e9 19 119 99 199 59 159 d9 1d9 39 139 b9 1b9 79 179 f9 1f9 5 105 85 185 45 145 c5 1c5 25 125 a5 1a5 65 165 e5 1e5 15 115 95 195 55 155 d5 1d5 35 135 b5 1b5 75 175 f5 1f5 d 10d 8d 18d 4d 14d cd 1cd 2d 12d ad 1ad 6d 16d ed 1ed 1d 11d 9d 19d 5d 15d dd 1dd 3d 13d bd 1bd 7d 17d fd 1fd 3 103 83 183 43 143 c3 1c3 23 123 a3 1a3 63 163 e3 1e3 13 113 93 193 53 153 d3 1d3 33 133 b3 1b3 73 173 f3 1f3 b 10b 8b 18b 4b 14b cb 1cb 2b 12b ab 1ab 6b 16b eb 1eb 1b 11b 9b 19b 5b 15b db 1db 3b 13b bb 1bb 7b 17b fb 1fb 7 107 87 187 47 147 c7 1c7 27 127 a7 1a7 67 167 e7 1e7 17 117 97 197 57 157 d7 1d7 37 137 b7 1b7 77 177 f7 1f7 f 10f 8f 18f 4f 14f cf 1cf 2f 12f af 1af 6f 16f ef 1ef 1f 11f 9f 19f 5f 15f df 1df 3f 13f bf 1bf 7f 17f ff 1ff 
