#Input size: 256
#Data parallelism: 4
#Stride: 16
#Switch ctrl in input stages:
#Stage 1:
#Switch 0: 0 0 0 0 1 1 1 1 0 0 0 0 1 1 1 1 0 0 0 0 1 1 1 1 0 0 0 0 1 1 1 1 0 0 0 0 1 1 1 1 0 0 0 0 1 1 1 1 0 0 0 0 1 1 1 1 0 0 0 0 1 1 1 1 
#Switch 1: 0 0 0 0 1 1 1 1 0 0 0 0 1 1 1 1 0 0 0 0 1 1 1 1 0 0 0 0 1 1 1 1 0 0 0 0 1 1 1 1 0 0 0 0 1 1 1 1 0 0 0 0 1 1 1 1 0 0 0 0 1 1 1 1 
#Stage 0:
#Switch 0: 0 0 0 0 0 0 0 0 1 1 1 1 1 1 1 1 0 0 0 0 0 0 0 0 1 1 1 1 1 1 1 1 0 0 0 0 0 0 0 0 1 1 1 1 1 1 1 1 0 0 0 0 0 0 0 0 1 1 1 1 1 1 1 1 
#Switch 1: 0 0 0 0 0 0 0 0 1 1 1 1 1 1 1 1 0 0 0 0 0 0 0 0 1 1 1 1 1 1 1 1 0 0 0 0 0 0 0 0 1 1 1 1 1 1 1 1 0 0 0 0 0 0 0 0 1 1 1 1 1 1 1 1 
#Switch ctrl in output stages:
#Stage 1:
#Switch 0: 0 0 0 0 1 1 1 1 0 0 0 0 1 1 1 1 0 0 0 0 1 1 1 1 0 0 0 0 1 1 1 1 0 0 0 0 1 1 1 1 0 0 0 0 1 1 1 1 0 0 0 0 1 1 1 1 0 0 0 0 1 1 1 1 
#Switch 1: 0 0 0 0 1 1 1 1 0 0 0 0 1 1 1 1 0 0 0 0 1 1 1 1 0 0 0 0 1 1 1 1 0 0 0 0 1 1 1 1 0 0 0 0 1 1 1 1 0 0 0 0 1 1 1 1 0 0 0 0 1 1 1 1 
#Stage 0:
#Switch 0: 0 0 0 0 0 0 0 0 1 1 1 1 1 1 1 1 0 0 0 0 0 0 0 0 1 1 1 1 1 1 1 1 0 0 0 0 0 0 0 0 1 1 1 1 1 1 1 1 0 0 0 0 0 0 0 0 1 1 1 1 1 1 1 1 
#Switch 1: 0 0 0 0 0 0 0 0 1 1 1 1 1 1 1 1 0 0 0 0 0 0 0 0 1 1 1 1 1 1 1 1 0 0 0 0 0 0 0 0 1 1 1 1 1 1 1 1 0 0 0 0 0 0 0 0 1 1 1 1 1 1 1 1 
#Memory addresses: 
#Memory block 0: 
0 10 20 30 4 14 24 34 8 18 28 38 c 1c 2c 3c 1 11 21 31 5 15 25 35 9 19 29 39 d 1d 2d 3d 2 12 22 32 6 16 26 36 a 1a 2a 3a e 1e 2e 3e 3 13 23 33 7 17 27 37 b 1b 2b 3b f 1f 2f 3f 0 1 2 3 4 5 6 7 8 9 a b c d e f 10 11 12 13 14 15 16 17 18 19 1a 1b 1c 1d 1e 1f 20 21 22 23 24 25 26 27 28 29 2a 2b 2c 2d 2e 2f 30 31 32 33 34 35 36 37 38 39 3a 3b 3c 3d 3e 3f 
#Memory block 1: 
8 18 28 38 c 1c 2c 3c 0 10 20 30 4 14 24 34 9 19 29 39 d 1d 2d 3d 1 11 21 31 5 15 25 35 a 1a 2a 3a e 1e 2e 3e 2 12 22 32 6 16 26 36 b 1b 2b 3b f 1f 2f 3f 3 13 23 33 7 17 27 37 0 1 2 3 4 5 6 7 8 9 a b c d e f 10 11 12 13 14 15 16 17 18 19 1a 1b 1c 1d 1e 1f 20 21 22 23 24 25 26 27 28 29 2a 2b 2c 2d 2e 2f 30 31 32 33 34 35 36 37 38 39 3a 3b 3c 3d 3e 3f 
#Memory block 2: 
4 14 24 34 0 10 20 30 c 1c 2c 3c 8 18 28 38 5 15 25 35 1 11 21 31 d 1d 2d 3d 9 19 29 39 6 16 26 36 2 12 22 32 e 1e 2e 3e a 1a 2a 3a 7 17 27 37 3 13 23 33 f 1f 2f 3f b 1b 2b 3b 0 1 2 3 4 5 6 7 8 9 a b c d e f 10 11 12 13 14 15 16 17 18 19 1a 1b 1c 1d 1e 1f 20 21 22 23 24 25 26 27 28 29 2a 2b 2c 2d 2e 2f 30 31 32 33 34 35 36 37 38 39 3a 3b 3c 3d 3e 3f 
#Memory block 3: 
c 1c 2c 3c 8 18 28 38 4 14 24 34 0 10 20 30 d 1d 2d 3d 9 19 29 39 5 15 25 35 1 11 21 31 e 1e 2e 3e a 1a 2a 3a 6 16 26 36 2 12 22 32 f 1f 2f 3f b 1b 2b 3b 7 17 27 37 3 13 23 33 0 1 2 3 4 5 6 7 8 9 a b c d e f 10 11 12 13 14 15 16 17 18 19 1a 1b 1c 1d 1e 1f 20 21 22 23 24 25 26 27 28 29 2a 2b 2c 2d 2e 2f 30 31 32 33 34 35 36 37 38 39 3a 3b 3c 3d 3e 3f 
