##For network with a size:256
##Stride:0
##Sub Network Data Parallelism:8
##The first stage
##The switch 0
 0 0 0 0 1 1 1 1 0 0 0 0 1 1 1 1 0 0 0 0 1 1 1 1 0 0 0 0 1 1 1 1
##The switch 1
 0 0 0 0 1 1 1 1 0 0 0 0 1 1 1 1 0 0 0 0 1 1 1 1 0 0 0 0 1 1 1 1
##The switch 2
 0 0 0 0 1 1 1 1 0 0 0 0 1 1 1 1 0 0 0 0 1 1 1 1 0 0 0 0 1 1 1 1
##The switch 3
 0 0 0 0 1 1 1 1 0 0 0 0 1 1 1 1 0 0 0 0 1 1 1 1 0 0 0 0 1 1 1 1
##The last stage
##The switch 0
 0 0 0 0 1 1 1 1 0 0 0 0 1 1 1 1 0 0 0 0 1 1 1 1 0 0 0 0 1 1 1 1
##The switch 1
 0 0 0 0 1 1 1 1 0 0 0 0 1 1 1 1 0 0 0 0 1 1 1 1 0 0 0 0 1 1 1 1
##The switch 2
 0 0 0 0 1 1 1 1 0 0 0 0 1 1 1 1 0 0 0 0 1 1 1 1 0 0 0 0 1 1 1 1
##The switch 3
 0 0 0 0 1 1 1 1 0 0 0 0 1 1 1 1 0 0 0 0 1 1 1 1 0 0 0 0 1 1 1 1
##The addresses here may not be used
##The upper addresses
 0 8 4 12 2 10 6 14 1 9 5 13 3 11 7 15 16 24 20 28 18 26 22 30 17 25 21 29 19 27 23 31 32 40 36 44 34 42 38 46 33 41 37 45 35 43 39 47 48 56 52 60 50 58 54 62 49 57 53 61 51 59 55 63 64 72 68 76 66 74 70 78 65 73 69 77 67 75 71 79 80 88 84 92 82 90 86 94 81 89 85 93 83 91 87 95 96 104 100 108 98 106 102 110 97 105 101 109 99 107 103 111 112 120 116 124 114 122 118 126 113 121 117 125 115 123 119 127
##The lower addresses
 16 24 20 28 18 26 22 30 17 25 21 29 19 27 23 31 0 8 4 12 2 10 6 14 1 9 5 13 3 11 7 15 48 56 52 60 50 58 54 62 49 57 53 61 51 59 55 63 32 40 36 44 34 42 38 46 33 41 37 45 35 43 39 47 80 88 84 92 82 90 86 94 81 89 85 93 83 91 87 95 64 72 68 76 66 74 70 78 65 73 69 77 67 75 71 79 112 120 116 124 114 122 118 126 113 121 117 125 115 123 119 127 96 104 100 108 98 106 102 110 97 105 101 109 99 107 103 111
