##For network with a size:512
##Stride:0
##Sub Network Data Parallelism:16
##The first stage
##The switch 0
 0 0 0 0 0 0 0 0 1 1 1 1 1 1 1 1 0 0 0 0 0 0 0 0 1 1 1 1 1 1 1 1
##The switch 1
 0 0 0 0 0 0 0 0 1 1 1 1 1 1 1 1 0 0 0 0 0 0 0 0 1 1 1 1 1 1 1 1
##The switch 2
 0 0 0 0 0 0 0 0 1 1 1 1 1 1 1 1 0 0 0 0 0 0 0 0 1 1 1 1 1 1 1 1
##The switch 3
 0 0 0 0 0 0 0 0 1 1 1 1 1 1 1 1 0 0 0 0 0 0 0 0 1 1 1 1 1 1 1 1
##The switch 4
 0 0 0 0 0 0 0 0 1 1 1 1 1 1 1 1 0 0 0 0 0 0 0 0 1 1 1 1 1 1 1 1
##The switch 5
 0 0 0 0 0 0 0 0 1 1 1 1 1 1 1 1 0 0 0 0 0 0 0 0 1 1 1 1 1 1 1 1
##The switch 6
 0 0 0 0 0 0 0 0 1 1 1 1 1 1 1 1 0 0 0 0 0 0 0 0 1 1 1 1 1 1 1 1
##The switch 7
 0 0 0 0 0 0 0 0 1 1 1 1 1 1 1 1 0 0 0 0 0 0 0 0 1 1 1 1 1 1 1 1
##The last stage
##The switch 0
 0 0 0 0 0 0 0 0 1 1 1 1 1 1 1 1 0 0 0 0 0 0 0 0 1 1 1 1 1 1 1 1
##The switch 1
 0 0 0 0 0 0 0 0 1 1 1 1 1 1 1 1 0 0 0 0 0 0 0 0 1 1 1 1 1 1 1 1
##The switch 2
 0 0 0 0 0 0 0 0 1 1 1 1 1 1 1 1 0 0 0 0 0 0 0 0 1 1 1 1 1 1 1 1
##The switch 3
 0 0 0 0 0 0 0 0 1 1 1 1 1 1 1 1 0 0 0 0 0 0 0 0 1 1 1 1 1 1 1 1
##The switch 4
 0 0 0 0 0 0 0 0 1 1 1 1 1 1 1 1 0 0 0 0 0 0 0 0 1 1 1 1 1 1 1 1
##The switch 5
 0 0 0 0 0 0 0 0 1 1 1 1 1 1 1 1 0 0 0 0 0 0 0 0 1 1 1 1 1 1 1 1
##The switch 6
 0 0 0 0 0 0 0 0 1 1 1 1 1 1 1 1 0 0 0 0 0 0 0 0 1 1 1 1 1 1 1 1
##The switch 7
 0 0 0 0 0 0 0 0 1 1 1 1 1 1 1 1 0 0 0 0 0 0 0 0 1 1 1 1 1 1 1 1
##The addresses here may not be used
##The upper addresses
 128 160 144 176 136 168 152 184 132 164 148 180 140 172 156 188 130 162 146 178 138 170 154 186 134 166 150 182 142 174 158 190 129 161 145 177 137 169 153 185 133 165 149 181 141 173 157 189 131 163 147 179 139 171 155 187 135 167 151 183 143 175 159 191 192 224 208 240 200 232 216 248 196 228 212 244 204 236 220 252 194 226 210 242 202 234 218 250 198 230 214 246 206 238 222 254 193 225 209 241 201 233 217 249 197 229 213 245 205 237 221 253 195 227 211 243 203 235 219 251 199 231 215 247 207 239 223 255 0 32 16 48 8 40 24 56 4 36 20 52 12 44 28 60 2 34 18 50 10 42 26 58 6 38 22 54 14 46 30 62 1 33 17 49 9 41 25 57 5 37 21 53 13 45 29 61 3 35 19 51 11 43 27 59 7 39 23 55 15 47 31 63 64 96 80 112 72 104 88 120 68 100 84 116 76 108 92 124 66 98 82 114 74 106 90 122 70 102 86 118 78 110 94 126 65 97 81 113 73 105 89 121 69 101 85 117 77 109 93 125 67 99 83 115 75 107 91 123 71 103 87 119 79 111 95 127
##The lower addresses
 192 224 208 240 200 232 216 248 196 228 212 244 204 236 220 252 194 226 210 242 202 234 218 250 198 230 214 246 206 238 222 254 193 225 209 241 201 233 217 249 197 229 213 245 205 237 221 253 195 227 211 243 203 235 219 251 199 231 215 247 207 239 223 255 128 160 144 176 136 168 152 184 132 164 148 180 140 172 156 188 130 162 146 178 138 170 154 186 134 166 150 182 142 174 158 190 129 161 145 177 137 169 153 185 133 165 149 181 141 173 157 189 131 163 147 179 139 171 155 187 135 167 151 183 143 175 159 191 64 96 80 112 72 104 88 120 68 100 84 116 76 108 92 124 66 98 82 114 74 106 90 122 70 102 86 118 78 110 94 126 65 97 81 113 73 105 89 121 69 101 85 117 77 109 93 125 67 99 83 115 75 107 91 123 71 103 87 119 79 111 95 127 0 32 16 48 8 40 24 56 4 36 20 52 12 44 28 60 2 34 18 50 10 42 26 58 6 38 22 54 14 46 30 62 1 33 17 49 9 41 25 57 5 37 21 53 13 45 29 61 3 35 19 51 11 43 27 59 7 39 23 55 15 47 31 63
